> #A:
> sort(-table(result.data[,2]))

 0  2  4  6  3 -2 -1  5  7 -3  1  8 
-8 -7 -7 -7 -4 -3 -3 -3 -3 -1 -1 -1 
> sort(-table(result.data[,3]))

 4  5  6  8 11  1  2  7  9 10 14 15 -2 -1  0  3 12 13 18 
-7 -4 -4 -4 -4 -3 -3 -3 -3 -2 -2 -2 -1 -1 -1 -1 -1 -1 -1 
> sort(-table(result.data[,4]))

11 14 16  9 10 12 17  7  8 15 21  1  2  5  6 13 18 25 
-9 -6 -6 -3 -3 -3 -3 -2 -2 -2 -2 -1 -1 -1 -1 -1 -1 -1 
> sort(-table(result.data[,5]))

15 24 14 21 22 25 11 19 13 16 20 23  8  9 12 17 18 26 29 31 
-5 -5 -4 -4 -4 -4 -3 -3 -2 -2 -2 -2 -1 -1 -1 -1 -1 -1 -1 -1 
> sort(-table(result.data[,6]))

27 30 25 28 29 31 24 26 20 22 33 19 21 32 
-7 -6 -5 -5 -5 -5 -3 -3 -2 -2 -2 -1 -1 -1 
> #B:
> sort(-table(result.data[,7]))

  2   4   3   1   5   6   0 
-13 -11 -10  -7  -4  -2  -1 
> sort(-table(result.data[,8]))

 12  13  10  11   9  14   8   7  15 
-10  -9  -8  -8  -4  -4  -3  -1  -1 

