a1
4 7 8 5 
1 2 2 3 
a2
 5 14 16 18 10 13 
 1  1  1  1  2  2 
a3
16 17 18 19 23 24 21 
 1  1  1  1  1  1  2 
a4
18 26 27 25 24 
 1  1  1  2  3 
a5
26 32 29 30 31 
 1  1  2  2  2 
b1
 3  4  6 10  5 
 1  1  1  1  4 
b2
11  7 10  9 
 1  2  2  3 
> 
> time_end<-Sys.time()
> 
> sum_l2_ab_3
[1]  6  9 15 17 30  2 10
> sum_l2_ab_6
[1]  4  8 22 23 25  4  7
> 
> L2_1
[1]  2 14 24 24 28  4  9
> L2_2
[1]  6  9 14 21 32  4 10
> L2_3
[1]  6 12 13 15 25  3  9
> L2_4
[1]  4 11 13 20 31  4 12
> L2_5
[1]  4 12 17 28 31  5  8
> L2_6
[1]  7 12 17 19 32  4  8
> L2_7
[1] 12 14 19 27 27  3  9
> L2_8
[1]  3  8 20 30 33  2  8
> 
> sum_L3_ab
[1]  4  9 13 17 34  5  9
> 
> time_dur<-time_end-time_start  
> time_dur
Time difference of 22.47785 hours
> 
> m_sum_l2
     [,1] [,2] [,3] [,4] [,5] [,6] [,7] [,8] [,9] [,10]
[1,]    6    2    6    6    4    4    7   12    3     4
[2,]    9   14    9   12   11   12   12   14    8     8
[3,]   15   24   14   13   13   17   17   19   20    22
[4,]   17   24   21   15   20   28   19   27   30    23
[5,]   30   28   32   25   31   31   32   27   33    25
[6,]    2    4    4    3    4    5    4    3    2     4
[7,]   10    9   10    9   12    8    8    9    8     7
> 
