a1
3 7 8 9 
2 2 2 2 
a2
 9 10 11 13 14 17  8 
 1  1  1  1  1  1  2 
a3
16 20 23 25 17 22 
 1  1  1  1  2  2 
a4
23 24 25 30 27 28 
 1  1  1  1  2  2 
a5
31 28 32 33 
 1  2  2  3 
b1
2 4 7 3 5 
1 1 1 2 3 
b2
6 7 8 
2 2 4 
> 
> time_end<-Sys.time()
> 
> sum_l2_ab_3
[1]  5  8 16 27 28  4 10
> sum_l2_ab_6
[1]  4 10 15 21 29  1  8
> 
> L2_1
[1]  5 12 16 19 33  6  8
> L2_2
[1]  7 17 19 21 30  2 10
> L2_3
[1]  6 11 14 24 34  5  9
> L2_4
[1]  5 11 23 24 31  3  8
> L2_5
[1]  0 15 16 26 29  2  7
> L2_6
[1]  3 10 19 21 32  4  7
> L2_7
[1]  6  9 21 24 30  2  6
> L2_8
[1]  5 11 22 24 29  4  9
> 
> sum_L3_ab
[1]  6 16 16 20 21  3 11
> 
> time_dur<-time_end-time_start  
> time_dur
Time difference of 16.50273 hours
>  
> m_sum_l2
     [,1] [,2] [,3] [,4] [,5] [,6] [,7] [,8] [,9] [,10]
[1,]    5    5    7    6    5    0    3    6    5     4
[2,]    8   12   17   11   11   15   10    9   11    10
[3,]   16   16   19   14   23   16   19   21   22    15
[4,]   27   19   21   24   24   26   21   24   24    21
[5,]   28   33   30   34   31   29   32   30   29    29
[6,]    4    6    2    5    3    2    4    2    4     1
[7,]   10    8   10    9    8    7    7    6    9     8
> 
