a1
 4  5  6  8 10 
 1  1  2  2  2 
a2
 9 11 13 14 15 12 
 1  1  1  1  1  3 
a3
12 13 16 20 18 19 
 1  1  1  1  2  2 
a4
19 21 26 31 24 28 
 1  1  1  1  2  2 
a5
22 29 31 32 27 34 
 1  1  1  1  2  2 
b1
2 5 4 
1 1 6 
b2
 6  8 11  7 10 
 1  1  1  2  3 
> 
> time_end<-Sys.time()
> 
> sum_l2_ab_3
[1]  3  8 22 24 32  5  7
> sum_l2_ab_6
[1]  9 13 23 29 31  3  9
> 
> L2_1
[1]  3 11 18 26 26  3  4
> L2_2
[1]  4 16 19 26 30  3  7
> L2_3
[1]  4  9 14 26 32  5  8
> L2_4
[1]  8 11 11 29 31  5  8
> L2_5
[1]  5  9 19 28 32  2 11
> L2_6
[1] 16 18 19 28 30  7 10
> L2_7
[1]  4 15 24 25 30  5  7
> L2_8
[1]  8 10 25 27 32  3 10
> 
> sum_L3_ab
[1]  4 10 14 14 32  1 12
> 
> time_dur<-time_end-time_start  
> time_dur
Time difference of 18.66361 hours
>  
> m_sum_l2
     [,1] [,2] [,3] [,4] [,5] [,6] [,7] [,8] [,9] [,10]
[1,]    3    3    4    4    8    5   16    4    8     9
[2,]    8   11   16    9   11    9   18   15   10    13
[3,]   22   18   19   14   11   19   19   24   25    23
[4,]   24   26   26   26   29   28   28   25   27    29
[5,]   32   26   30   32   31   32   30   30   32    31
[6,]    5    3    3    5    5    2    7    5    3     3
[7,]    7    4    7    8    8   11   10    7   10     9
> 
