a1
 5  7  9 11  6 10 
 1  1  1  1  2  2 
a2
11 16 17 13 12 
 1  1  1  2  3 
a3
17 21 22 24 19 20 
 1  1  1  1  2  2 
a4
24 25 26 28 30 
 1  1  1  2  3 
a5
37 32 34 31 
 1  2  2  3 
b1
2 5 6 7 3 4 
1 1 1 1 2 2 
b2
 6  7  8 11  9 
 1  1  1  1  4 
> 
> time_end<-Sys.time()
> 
> sum_l2_ab_3
[1]  3 14 14 20 32  5  8
> sum_l2_ab_6
[1]  5  6 23 24 30  6 13
> 
> L2_1
[1]  8 14 22 31 31  2 10
> L2_2
[1]  2 10 15 24 27  6  9
> L2_3
[1]  6  9 22 22 31  2  7
> L2_4
[1]  7  9 13 18 28  5  8
> L2_5
[1]  7  9 18 27 28  3 11
> L2_6
[1]  4 12 19 26 32  5  5
> L2_7
[1]  8 14 23 24 36  4  8
> L2_8
[1]  6 14 20 21 30  7 10
> 
> sum_L3_ab
[1]  5  8 14 20 30  9 12
> 
