a1
1 2 5 8 6 7 
1 1 1 1 2 2 
a2
12 13 15 10 14 
 1  1  1  2  3 
a3
14 15 17 18 21 20 
 1  1  1  1  1  3 
a4
19 21 26 25 22 
 1  1  1  2  3 
a5
26 27 28 31 32 34 29 
 1  1  1  1  1  1  2 
b1
4 5 6 9 3 7 
1 1 1 1 2 2 
b2
11 12  9 10 
 1  1  2  4 
> 
> time_end<-Sys.time()
> 
> sum_l2_ab_3
[1]  6  7 15 23 28  5 13
> sum_l2_ab_6
[1]  3  7 16 17 32  3  7
> 
> L2_1
[1]  3 10 15 17 30  4  7
> L2_2
[1]  5  8 14 17 22  3 10
> L2_3
[1]  6  7 15 23 28  5 13
> L2_4
[1]  3 10 23 24 26  4  9
> L2_5
[1] 11 11 14 21 29  3  9
> L2_6
[1] 10 13 19 23 32  4  7
> L2_7
[1]  2 12 18 24 35  2  6
> L2_8
[1]  7 10 20 25 27  4  7
> 
> sum_L3_ab
[1]  4  7 11 17 26  3 12
> 
> time_dur<-time_end-time_start  
> time_dur
Time difference of 18.87263 hours
>  
> m_sum_l2
     [,1] [,2] [,3] [,4] [,5] [,6] [,7] [,8] [,9] [,10]
[1,]    6    3    5    6    3   11   10    2    7     3
[2,]    7   10    8    7   10   11   13   12   10     7
[3,]   15   15   14   15   23   14   19   18   20    16
[4,]   23   17   17   23   24   21   23   24   25    17
[5,]   28   30   22   28   26   29   32   35   27    32
[6,]    5    4    3    5    4    3    4    2    4     3
[7,]   13    7   10   13    9    9    7    6    7     7
> 
