a1
 6 10  8  4 
 1  1  2  4 
a2
 5  8  9 13 11 15 
 1  1  1  1  2  2 
a3
15 17 22 23 18 20 
 1  1  1  1  2  2 
a4
27 29 20 21 24 
 1  1  2  2  2 
a5
26 27 28 29 30 32 31 
 1  1  1  1  1  1  2 
b1
-1  1  2  4  3 
 1  1  1  1  4 
b2
 6  9 10  8 
 1  1  1  5 
> 
> time_end<-Sys.time()
> 
> sum_l2_ab_3
[1]  5  9 25 25 27  6  9
> sum_l2_ab_6
[1]  5 13 20 26 33  1  5
> 
> L2_1
[1]  5 10 12 25 26  5  6
> L2_2
[1]  9 16 17 23 28  5  7
> L2_3
[1]  5  9 25 25 27  6  9
> L2_4
[1]  5  7 12 28 32  4 12
> L2_5
[1]  5 12 20 21 31  2 10
> L2_6
[1] 11 13 15 23 31  2  8
> L2_7
[1]  7 16 18 25 32  3  9
> L2_8
[1]  8 12 23 27 29  4 11
> 
> sum_L3_ab
[1]  4  8 16 16 26  4 11
> 
> time_dur<-time_end-time_start  
> time_dur
Time difference of 18.11509 hours
>  
> m_sum_l2
     [,1] [,2] [,3] [,4] [,5] [,6] [,7] [,8] [,9] [,10]
[1,]    5    5    9    5    5    5   11    7    8     5
[2,]    9   10   16    9    7   12   13   16   12    13
[3,]   25   12   17   25   12   20   15   18   23    20
[4,]   25   25   23   25   28   21   23   25   27    26
[5,]   27   26   28   27   32   31   31   32   29    33
[6,]    6    5    5    6    4    2    2    3    4     1
[7,]    9    6    7    9   12   10    8    9   11     5
> 
