a1
 0  2  7 10  5  8 
 1  1  1  1  2  2 
a2
13 14 17 18 16 19 
 1  1  1  1  2  2 
a3
20 21 23 25 22 24 
 1  1  1  1  2  2 
a4
22 24 29 27 
 1  1  1  5 
a5
26 29 30 32 31 33 
 1  1  1  1  2  2 
b1
2 6 5 4 
1 1 2 4 
b2
 9  8 11 
 2  3  3 
> 
> time_end<-Sys.time()
> 
> sum_l2_ab_3
[1]  8 11 19 22 30  3 12
> sum_l2_ab_6
[1]  9 15 23 24 28  8  9
> 
> L2_1
[1]  7 11 18 25 27  8  9
> L2_2
[1]  8  8 14 28 29  2 10
> L2_3
[1]  8 16 18 27 27  1 11
> L2_4
[1]  4 14 14 25 28  0  8
> L2_5
[1]  5  7 16 24 33  4  8
> L2_6
[1]  4 16 17 28 30  5  7
> L2_7
[1]  3 15 20 25 27  3  9
> L2_8
[1]  3 20 20 29 30  3 11
> 
> sum_L3_ab
[1]  4  7 13 22 33  7  7
> 
> time_dur<-time_end-time_start  
> time_dur
Time difference of 18.64304 hours
>  
> m_sum_l2
     [,1] [,2] [,3] [,4] [,5] [,6] [,7] [,8] [,9] [,10]
[1,]    8    7    8    8    4    5    4    3    3     9
[2,]   11   11    8   16   14    7   16   15   20    15
[3,]   19   18   14   18   14   16   17   20   20    23
[4,]   22   25   28   27   25   24   28   25   29    24
[5,]   30   27   29   27   28   33   30   27   30    28
[6,]    3    8    2    1    0    4    5    3    3     8
[7,]   12   
