 #A:
> sort(-table(result.data[,2]))

 3  0  4  5  1  7 -1  6  8  2  9 10 
-9 -7 -7 -6 -5 -5 -2 -2 -2 -1 -1 -1 
> sort(-table(result.data[,3]))

 8  5  6  1  2  3  9 10 11 12 14  4 16 -1  0  7 15 17 
-7 -4 -4 -3 -3 -3 -3 -3 -3 -3 -3 -2 -2 -1 -1 -1 -1 -1 
> sort(-table(result.data[,4]))

17 20 11 14 12 13 15 19 23 18 21  6  8  9 22 24 
-8 -7 -5 -4 -3 -3 -3 -3 -3 -2 -2 -1 -1 -1 -1 -1 
> sort(-table(result.data[,5]))

25 23 24 22 26 31 20 21 27 30 17 29 15 18 19 32 
-6 -5 -5 -4 -4 -4 -3 -3 -3 -3 -2 -2 -1 -1 -1 -1 
> sort(-table(result.data[,6]))

29 30 28 31 32 33 34 26 27 22 35 
-7 -7 -6 -5 -5 -5 -5 -3 -3 -1 -1 
> #B:
> sort(-table(result.data[,7]))

  4   2   5   1   3   0   6   7 
-12  -9  -9  -6  -6  -4  -1  -1 
> sort(-table(result.data[,8]))

 10  11   9  12   8  13   7   6  14 
-11 -11  -8  -6  -5  -3  -2  -1  -1 
