a1
2 5 7 8 3 6 
1 1 1 1 2 2 
a2
 3  7  9 10 11 12 14 15 
 1  1  1  1  1  1  1  1 
a3
 7 13 17 20 23 25 22 
 1  1  1  1  1  1  2 
a4
17 22 24 31 25 
 1  1  1  1  4 
a5
21 27 29 36 30 31 
 1  1  1  1  2  2 
b1
1 2 3 5 4 6 
1 1 1 1 2 2 
b2
 9 11  8  6 
 1  1  2  4 
> 
> time_end<-Sys.time()
> 
> sum_l2_ab_3
[1]  9 13 18 29 30  4  5
> sum_l2_ab_6
[1]  2  9 18 25 29  3 10
> 
> L2_1
[1]  4 11 16 20 28  7  8
> L2_2
[1]  2 10 13 16 29  4  8
> L2_3
[1]  8 15 17 28 31  5  9
> L2_4
[1]  8 10 17 22 26  4  8
> L2_5
[1]  6 17 19 25 29  2  9
> L2_6
[1]  8 11 12 25 25  4  9
> L2_7
[1]  8 15 21 24 30  1  8
> L2_8
[1]  8 10 19 23 26  5  8
> 
> sum_L3_ab
[1]  4  7  8 28 31  2 10
> 
> time_dur<-time_end-time_start  
> time_dur
Time difference of 18.65086 hours
>  
> m_sum_l2
     [,1] [,2] [,3] [,4] [,5] [,6] [,7] [,8] [,9] [,10]
[1,]    9    4    2    8    8    6    8    8    8     2
[2,]   13   11   10   15   10   17   11   15   10     9
[3,]   18   16   13   17   17   19   12   21   19    18
[4,]   29   20   16   28   22   25   25   24   23    25
[5,]   30   28   29   31   26   29   25   30   26    29
[6,]    4    7    4    5    4    2    4    1    5     3
[7,]    5    8    8    9    8    9    9    8    8    10
> 
