a1
3 4 5 6 8 2 
1 1 1 1 1 3 
a2
 7 16  6  8 
 1  1  2  4 
a3
12 14 16 17 23 15 
 1  1  1  1  1  3 
a4
21 22 23 24 25 26 28 30 
 1  1  1  1  1  1  1  1 
a5
26 28 29 30 32 34 33 
 1  1  1  1  1  1  2 
b1
3 4 5 
2 3 3 
b2
 8 11  7  9 10 
 1  1  2  2  2 
> 
> time_end<-Sys.time()
> 
> sum_l2_ab_3
[1]  7 15 18 21 27  6  9
> sum_l2_ab_6
[1]  4  9 11 18 29  1  6
> 
> L2_1
[1]  9 11 17 22 30  1 11
> L2_2
[1]  3 17 18 28 31  4  7
> L2_3
[1]  5 11 13 25 30  3  5
> L2_4
[1]  4  8 17 22 26  5  7
> L2_5
[1]  5 11 20 24 28  5 10
> L2_6
[1]  3 10 22 25 26  4 12
> L2_7
[1]  4 12 17 23 31  4  7
> L2_8
[1]  3 19 22 29 31  4  9
> 
> sum_L3_ab
[1]  4 11 18 18 32  2 10
> 
> time_dur<-time_end-time_start  
> time_dur
Time difference of 18.76636 hours
>  
> m_sum_l2
     [,1] [,2] [,3] [,4] [,5] [,6] [,7] [,8] [,9] [,10]
[1,]    7    9    3    5    4    5    3    4    3     4
[2,]   15   11   17   11    8   11   10   12   19     9
[3,]   18   17   18   13   17   20   22   17   22    11
[4,]   21   22   28   25   22   24   25   23   29    18
[5,]   27   30   31   30   26   28   26   31   31    29
[6,]    6    1    4    3    5    5    4    4    4     1
[7,]    9   11    7    5    7   10   12    7    9     6
> 
