a1
3 6 7 9 4 8 
1 1 1 1 2 2 
a2
 5  6  9 12 14 
 1  1  2  2  2 
a3
 7 14 17 18 21 23 16 
 1  1  1  1  1  1  2 
a4
19 23 25 31 26 27 
 1  1  1  1  2  2 
a5
28 31 32 33 
 1  1  3  3 
b1
2 3 6 7 4 5 
1 1 1 1 2 2 
b2
 7  8  9 10 
 1  1  3  3 
> 
> time_end<-Sys.time()
> 
> sum_l2_ab_3
[1]  3 11 14 25 35  3 11
> sum_l2_ab_6
[1]  7 11 14 15 33  4 10
> 
> L2_1
[1]  2 12 13 28 30  5 10
> L2_2
[1]  5 14 15 20 24  6  9
> L2_3
[1]  9 14 15 25 30  2  8
> L2_4
[1]  7  8 15 19 28  5  8
> L2_5
[1]  4 13 18 24 34  6  6
> L2_6
[1]  2  9 15 25 31  4 11
> L2_7
[1]  5 19 20 26 32  6 10
> L2_8
[1]  4 14 22 27 31  4  8
> 
> sum_L3_ab
[1] 14 22 21 25 33  5  5
> 
> time_dur<-time_end-time_start  
> time_dur
Time difference of 16.15243 hours
>  
> m_sum_l2
     [,1] [,2] [,3] [,4] [,5] [,6] [,7] [,8] [,9] [,10]
[1,]    3    2    5    9    7    4    2    5    4     7
[2,]   11   12   14   14    8   13    9   19   14    11
[3,]   14   13   15   15   15   18   15   20   22    14
[4,]   25   28   20   25   19   24   25   26   27    15
[5,]   35   30   24   30   28   34   31   32   31    33
[6,]    3    5    6    2    5    6    4    6    4     4
[7,]   11   10    9    8    8    6   11   10    8    10

