a1
 1  3  4 10  5  7 
 1  1  1  1  2  2 
a2
10 18  7  8 11 
 1  1  2  2  2 
a3
11 14 15 17 18 19 16 
 1  1  1  1  1  1  2 
a4
17 20 21 24 25 26 27 32 
 1  1  1  1  1  1  1  1 
a5
30 32 
 3  5 
b1
5 4 3 
1 3 4 
b2
 6  8 10 11  7  9 
 1  1  1  1  2  2 
> 
> time_end<-Sys.time()
> 
> sum_l2_ab_3
[1]  4  6 19 26 27  6  9
> sum_l2_ab_6
[1]  1 19 20 25 32  5  9
> 
> L2_1
[1]  3  9 16 18 24  5 10
> L2_2
[1]  9 13 17 25 31  9 11
> L2_3
[1]  7 11 13 22 31  4 10
> L2_4
[1]  6 14 18 29 34  4  8
> L2_5
[1]  5 11 16 26 34  6  9
> L2_6
[1]  6 16 19 24 27  4 11
> L2_7
[1] 10 11 22 25 26  6  9
> L2_8
[1]  7 12 21 29 32  6 10
> 
> sum_L3_ab
[1]  4  7 16 20 31  7  9
> 
> time_dur<-time_end-time_start  
> time_dur
Time difference of 17.62147 hours
>  
> m_sum_l2
     [,1] [,2] [,3] [,4] [,5] [,6] [,7] [,8] [,9] [,10]
[1,]    4    3    9    7    6    5    6   10    7     1
[2,]    6    9   13   11   14   11   16   11   12    19
[3,]   19   16   17   13   18   16   19   22   21    20
[4,]   26   18   25   22   29   26   24   25   29    25
[5,]   27   24   31   31   34   34   27   26   32    32
[6,]    6    5    9    4    4    6    4    6    6     5
[7,]    9   10   11   10    8    9   11    9   10     9
> 
