a1
 5  6  8 10 11 14  9 
 1  1  1  1  1  1  2 
a2
12 17 19 24 13 
 1  1  1  1  4 
a3
15 22 25 30 17 20 
 1  1  1  1  2  2 
a4
23 25 26 29 30 32 28 
 1  1  1  1  1  1  2 
a5
28 29 31 32 33 35 30 
 1  1  1  1  1  1  2 
b1
4 7 5 6 
1 1 3 3 
b2
 7 11  6  8 10 
 1  1  2  2  2 
> 
> time_end<-Sys.time()
> 
> sum_l2_ab_3
[1]  5 11 15 21 31  3  7
> sum_l2_ab_6
[1]  9 11 13 25 27  7 11
> 
> L2_1
[1]  3  9 11 15 30  3 11
> L2_2
[1]  4 13 15 15 23  3  8
> L2_3
[1]  2 11 14 22 27  3  8
> L2_4
[1] 10 10 19 20 28  4  5
> L2_5
[1]  3 13 15 17 29  6 11
> L2_6
[1]  5 13 22 24 24  5  8
> L2_7
[1] 11 11 22 23 32  2  8
> L2_8
[1]  5 10 20 26 33  3 11
> 
> sum_L3_ab
[1]  2 14 21 22 33  4  6
> 
> time_dur<-time_end-time_start  
> time_dur
Time difference of 18.79465 hours
>  
> m_sum_l2
     [,1] [,2] [,3] [,4] [,5] [,6] [,7] [,8] [,9] [,10]
[1,]    5    3    4    2   10    3    5   11    5     9
[2,]   11    9   13   11   10   13   13   11   10    11
[3,]   15   11   15   14   19   15   22   22   20    13
[4,]   21   15   15   22   20   17   24   23   26    25
[5,]   31   30   23   27   28   29   24   32   33    27
[6,]    3    3    3    3    4    6    5    2    3     7
[7,]    7   11    8    8    5   11    8    8   11    11

