a1
2 4 6 9 1 5 
1 1 1 1 2 2 
a2
 7  9 11 16 12 14 
 1  1  1  1  2  2 
a3
12 15 19 20 22 23 18 
 1  1  1  1  1  1  2 
a4
21 23 26 27 22 24 
 1  1  1  1  2  2 
a5
32 33 27 29 31 
 1  1  2  2  2 
b1
3 5 6 4 
1 1 1 5 
b2
 7  8 10 11 12  9 
 1  1  1  1  1  3 
> 
> time_end<-Sys.time()
> 
> sum_l2_ab_3
[1]  1 10 24 25 30  2 10
> sum_l2_ab_6
[1]  8 13 18 25 31  2  9
> 
> L2_1
[1]  4 12 22 24 27  4  4
> L2_2
[1]  9 10 14 23 26  4  9
> L2_3
[1]  8 17 23 24 31  3  9
> L2_4
[1]  7 17 18 26 26  3 11
> L2_5
[1]  6 13 16 24 31  7 11
> L2_6
[1]  7 12 13 24 26  6  7
> L2_7
[1] 10 12 14 26 31  4  8
> L2_8
[1]  8 12 24 26 32  4 11
> 
> sum_L3_ab
[1]  3  5  7 24 33  6  6
> 
> time_dur<-time_end-time_start  
> time_dur
Time difference of 18.79999 hours
>  
> m_sum_l2
     [,1] [,2] [,3] [,4] [,5] [,6] [,7] [,8] [,9] [,10]
[1,]    1    4    9    8    7    6    7   10    8     8
[2,]   10   12   10   17   17   13   12   12   12    13
[3,]   24   22   14   23   18   16   13   14   24    18
[4,]   25   24   23   24   26   24   24   26   26    25
[5,]   30   27   26   31   26   31   26   31   32    31
[6,]    2    4    4    3    3    7    6    4    4     2
[7,]   10    4    9    9
