a1
 2  5  8 10  6 
 1  1  1  2  3 
a2
10 11 16 17 13 15 
 1  1  1  1  2  2 
a3
12 14 17 20 22 24 19 
 1  1  1  1  1  1  2 
a4
19 21 25 26 28 23 
 1  1  1  1  1  3 
a5
23 32 26 30 31 
 1  1  2  2  2 
b1
5 3 4 7 
1 2 2 3 
b2
 7 10 12  8  9 
 1  1  1  2  3 
> 
> time_end<-Sys.time()
> 
> sum_l2_ab_3
[1]  9  9 13 23 24  3  8
> sum_l2_ab_6
[1]  7 17 21 22 31  6 10
> 
> L2_1
[1]  3  7 11 25 35  7  7
> L2_2
[1]  4  8 12 18 27  5  6
> L2_3
[1]  9 10 14 20 26  5  9
> L2_4
[1]  9 11 12 22 31  6 10
> L2_5
[1]  3 18 18 22 28  4  7
> L2_6
[1]  3 13 17 25 26  7 10
> L2_7
[1]  8 10 23 24 30  3  8
> L2_8
[1]  5 17 19 26 34  5 10
> 
> sum_L3_ab
[1]  1  5 19 18 17  7 12
> 
> time_dur<-time_end-time_start  
> time_dur
Time difference of 16.20082 hours
>  
> m_sum_l2
     [,1] [,2] [,3] [,4] [,5] [,6] [,7] [,8] [,9] [,10]
[1,]    9    3    4    9    9    3    3    8    5     7
[2,]    9    7    8   10   11   18   13   10   17    17
[3,]   13   11   12   14   12   18   17   23   19    21
[4,]   23   25   18   20   22   22   25   24   26    22
[5,]   24   35   27   26   31   28   26   30   34    31
[6,]    3    7    5    5    6    4    7    3    5     6
[7,]    8    7    6    9   10    7   10    8   10    10
> 
