a1
 0 10  8  7 
 1  1  2  4 
a2
10 12 17 16 14 
 1  1  1  2  3 
a3
15 16 17 27 21 23 
 1  1  1  1  2  2 
a4
22 24 26 27 25 28 
 1  1  1  1  2  2 
a5
26 34 35 29 32 
 1  1  1  2  3 
b1
2 3 5 4 
1 1 2 4 
b2
 7 10  8 
 2  2  4 
> 
> time_end<-Sys.time()
> 
> sum_l2_ab_3
[1]  6  8 14 26 33  7  7
> sum_l2_ab_6
[1] 11 12 15 26 29  5  9
> 
> L2_1
[1]  5 12 15 25 33  6  8
> L2_2
[1] 10 11 17 22 26  4  7
> L2_3
[1]  9 10 17 25 32  4  8
> L2_4
[1]  2  7 19 26 27  2 10
> L2_5
[1]  6 12 21 27 28  3  9
> L2_6
[1]  4 15 25 26 31  5  5
> L2_7
[1]  8  9 23 26 29  6 10
> L2_8
[1]  4 14 21 25 30  6 10
> 
> sum_L3_ab
[1]  1 20 14 25 34  8  9
> 
> time_dur<-time_end-time_start  
> time_dur
Time difference of 17.43011 hours
>  
> m_sum_l2
     [,1] [,2] [,3] [,4] [,5] [,6] [,7] [,8] [,9] [,10]
[1,]    6    5   10    9    2    6    4    8    4    11
[2,]    8   12   11   10    7   12   15    9   14    12
[3,]   14   15   17   17   19   21   25   23   21    15
[4,]   26   25   22   25   26   27   26   26   25    26
[5,]   33   33   26   32   27   28   31   29   30    29
[6,]    7    6    4    4    2    3    5    6    6     5
[7,]    7    8    7    8   10    9    5   10   10     9
> 
