a1
-3  2  3  5  6  7  8  9 
 1  1  1  1  1  1  1  1 
a2
 5  7  9 10 15 12 
 1  1  1  1  1  3 
a3
10 12 13 15 16 18 19 21 
 1  1  1  1  1  1  1  1 
a4
19 20 22 23 24 25 26 28 
 1  1  1  1  1  1  1  1 
a5
30 32 34 27 28 
 1  1  1  2  3 
b1
1 4 6 5 3 
1 1 1 2 3 
b2
 7  9  6 10 12 
 1  1  2  2  2 
> 
> time_end<-Sys.time()
> 
> sum_l2_ab_3
[1]  6  8  8 18 31  6 10
> sum_l2_ab_6
[1]  8 11 15 22 26 10 11
> 
> L2_1
[1]  2 16 17 19 28  3  6
> L2_2
[1]  5 11 21 26 28  8 10
> L2_3
[1]  6  8  8 18 31  6 10
> L2_4
[1]  3 11 15 26 30  4  9
> L2_5
[1]  1  6 20 27 32  4 10
> L2_6
[1]  4  8 13 27 31  6 12
> L2_7
[1]  5 14 18 26 28  5  8
> L2_8
[1]  6 19 19 27 31  3  9
> 
> sum_L3_ab
[1]  5  8 17 31 32  4 10
> 
> time_dur<-time_end-time_start  
> time_dur
Time difference of 17.7467 hours
>  
> m_sum_l2
     [,1] [,2] [,3] [,4] [,5] [,6] [,7] [,8] [,9] [,10]
[1,]    6    2    5    6    3    1    4    5    6     8
[2,]    8   16   11    8   11    6    8   14   19    11
[3,]    8   17   21    8   15   20   13   18   19    15
[4,]   18   19   26   18   26   27   27   26   27    22
[5,]   31   28   28   31   30   32   31   28   31    26
[6,]    6    3    8    6    4    4    6    5    3    10
[7,]   10    6   10   10    9   10   12    8    9    11
> 
