a1
3 5 8 4 
1 1 2 4 
a2
11 12 16 17 10 14 
 1  1  1  1  2  2 
a3
14 16 18 21 22 24 20 
 1  1  1  1  1  1  2 
a4
16 22 26 29 23 24 
 1  1  1  1  2  2 
a5
27 29 34 35 30 31 
 1  1  1  1  2  2 
b1
2 3 5 4 
1 2 2 3 
b2
 8  9 10 11 
 1  1  3  3 
> 
> time_end<-Sys.time()
> 
> sum_l2_ab_3
[1]  8  9 16 16 33  5  8
> sum_l2_ab_6
[1] 10 19 20 25 28  5  9
> 
> L2_1
[1]  4  8  9 18 22  5  9
> L2_2
[1]  5 10 11 14 30  2 12
> L2_3
[1]  6  8  9 10 28  6  8
> L2_4
[1]  4 17 20 21 25  5  9
> L2_5
[1]  8 12 15 27 32  2  6
> L2_6
[1]  5 11 22 27 31  4 11
> L2_7
[1]  8  9 19 28 32  6  8
> L2_8
[1]  6 14 15 24 31  4  8
> 
> sum_L3_ab
[1] 13 14 26 18 32  5  8
> 
> time_dur<-time_end-time_start  
> time_dur
Time difference of 18.80844 hours
>  
> m_sum_l2
     [,1] [,2] [,3] [,4] [,5] [,6] [,7] [,8] [,9] [,10]
[1,]    8    4    5    6    4    8    5    8    6    10
[2,]    9    8   10    8   17   12   11    9   14    19
[3,]   16    9   11    9   20   15   22   19   15    20
[4,]   16   18   14   10   21   27   27   28   24    25
[5,]   33   22   30   28   25   32   31   32   31    28
[6,]    5    5    2    6    5    2    4    6    4     5
[7,]    8    9   12    8    9    6   11    8    8     9
> 
