a1
 3  6  9 11 12  8 
 1  1  1  1  1  3 
a2
12 13 15 17 10 11 
 1  1  1  1  2  2 
a3
14 19 21 28 13 20 
 1  1  1  1  2  2 
a4
15 21 24 27 28 23 
 1  1  1  1  1  3 
a5
27 32 34 30 28 
 1  1  1  2  3 
b1
2 4 7 8 6 
1 1 1 1 4 
b2
 6 11  8  9 10 
 1  1  2  2  2 
> 
> time_end<-Sys.time()
> 
> sum_l2_ab_3
[1]  4 11 17 23 30  2 10
> sum_l2_ab_6
[1]  0 10 13 23 32  5  8
> 
> L2_1
[1]  4 10 17 20 29  4  8
> L2_2
[1]  6  9 19 22 27  2  7
> L2_3
[1]  4 11 17 23 30  2 10
> L2_4
[1]  4 14 15 25 32  4 11
> L2_5
[1]  6 16 23 25 26  5  6
> L2_6
[1]  5  8 14 25 28  2  7
> L2_7
[1]  5 12 22 25 33  7  7
> L2_8
[1]  3 16 23 28 33  5  9
> 
> sum_L3_ab
[1]  8 19 23 31 29  2  4
> 
> time_dur<-time_end-time_start  
> time_dur
Time difference of 18.72227 hours
>  
> m_sum_l2
     [,1] [,2] [,3] [,4] [,5] [,6] [,7] [,8] [,9] [,10]
[1,]    4    4    6    4    4    6    5    5    3     0
[2,]   11   10    9   11   14   16    8   12   16    10
[3,]   17   17   19   17   15   23   14   22   23    13
[4,]   23   20   22   23   25   25   25   25   28    23
[5,]   30   29   27   30   32   26   28   33   33    32
[6,]    2    4    2    2    4    5    2    7    5     5
[7,]   10    8    7   10   11    6    7    7    9     8
> 
