a1
 4  5  7  8  9 11  6 
 1  1  1  1  1  1  2 
a2
 7 10 11 12 13 17 15 
 1  1  1  1  1  1  2 
a3
12 14 17 26 18 22 
 1  1  1  1  2  2 
a4
28 24 25 27 
 1  2  2  3 
a5
28 33 29 30 
 1  1  3  3 
b1
4 5 7 6 
1 1 2 4 
b2
10  6  9  8 
 1  2  2  3 
> 
> time_end<-Sys.time()
> 
> sum_l2_ab_3
[1]  6  6  8 24 27  7  8
> sum_l2_ab_6
[1]  9 14 18 24 29  5 11
> 
> L2_1
[1] 11 15 20 20 27  4  9
> L2_2
[1]  3 15 15 21 28  3  7
> L2_3
[1]  6 11 17 26 30  4  6
> L2_4
[1]  5 12 17 27 30  4  5
> L2_5
[1]  7 12 21 25 27  6  9
> L2_6
[1]  7 10 19 26 29  2  5
> L2_7
[1] 10 12 21 30 34  3  7
> L2_8
[1] 12 12 24 28 34  9 11
> 
> sum_L3_ab
[1] 12 20 24 28 34  4  4
> 
> time_dur<-time_end-time_start  
> time_dur
Time difference of 18.62415 hours
>  
> m_sum_l2
     [,1] [,2] [,3] [,4] [,5] [,6] [,7] [,8] [,9] [,10]
[1,]    6   11    3    6    5    7    7   10   12     9
[2,]    6   15   15   11   12   12   10   12   12    14
[3,]    8   20   15   17   17   21   19   21   24    18
[4,]   24   20   21   26   27   25   26   30   28    24
[5,]   27   27   28   30   30   27   29   34   34    29
[6,]    7    4    3    4    4    6    2    3    9     5
[7,]    8    9    7    6    5    9    5    7   11    11

