a1
3 5 8 9 4 7 
1 1 1 1 2 2 
a2
 8  9 12 14 13 15 
 1  1  1  1  2  2 
a3
18 20 21 23 16 19 
 1  1  1  1  2  2 
a4
19 20 23 24 26 25 
 1  1  1  1  1  3 
a5
35 30 32 27 
 1  2  2  3 
b1
2 5 3 4 6 
1 1 2 2 2 
b2
 7 11  8 10 
 1  1  3  3 
> 
> time_end<-Sys.time()
> 
> sum_l2_ab_3
[1]  6  9 16 17 29  5  7
> sum_l2_ab_6
[1]  3  9 14 24 31  6  7
> 
> L2_1
[1]  5 12 18 24 32  5  8
> L2_2
[1]  5  7 10 27 27  5  5
> L2_3
[1]  3 10 21 24 24  3 10
> L2_4
[1]  3  8 18 21 29  6 11
> L2_5
[1]  3 15 18 20 25  8  8
> L2_6
[1] 10 13 14 23 28  3  9
> L2_7
[1]  2 10 13 28 30  5 10
> L2_8
[1]  5 14 19 23 33  6  8
> 
> sum_L3_ab
[1]  6 11 29 25 31  4  7
> 
> time_dur<-time_end-time_start  
> time_dur
Time difference of 18.96864 hours
>  
> m_sum_l2
     [,1] [,2] [,3] [,4] [,5] [,6] [,7] [,8] [,9] [,10]
[1,]    6    5    5    3    3    3   10    2    5     3
[2,]    9   12    7   10    8   15   13   10   14     9
[3,]   16   18   10   21   18   18   14   13   19    14
[4,]   17   24   27   24   21   20   23   28   23    24
[5,]   29   32   27   24   29   25   28   30   33    31
[6,]    5    5    5    3    6    8    3    5    6     6
[7,]    7    8    5   10   11    8    9   10    8     7
> 
