a1
2 3 5 6 7 9 8 
1 1 1 1 1 1 2 
a2
 8 11 12 13 15 18 10 
 1  1  1  1  1  1  2 
a3
10 20 15 21 22 
 1  1  2  2  2 
a4
19 25 27 29 22 
 1  1  1  2  3 
a5
23 27 29 30 32 35 
 1  1  1  1  2  2 
b1
4 5 
3 5 
b2
12  9 10  7 
 1  2  2  3 
> 
> time_end<-Sys.time()
> 
> sum_l2_ab_3
[1]  6  7 16 23 25  4 10
> sum_l2_ab_6
[1]  6 13 13 19 32  3  7
> 
> L2_1
[1]  2 12 17 23 29  4 12
> L2_2
[1]  2 15 18 19 32  6 10
> L2_3
[1]  6  7 16 23 25  4 10
> L2_4
[1]  5  6 11 26 27  5  7
> L2_5
[1]  3  8 22 28 31  5  8
> L2_6
[1]  4 11 19 21 35  2  7
> L2_7
[1]  4 14 16 27 28  3 10
> L2_8
[1] 13 17 22 26 27  3  8
> 
> sum_L3_ab
[1]  7  7 24 30 11  4  9
> 
> time_dur<-time_end-time_start  
> time_dur
Time difference of 16.36735 hours
>  
> m_sum_l2
     [,1] [,2] [,3] [,4] [,5] [,6] [,7] [,8] [,9] [,10]
[1,]    6    2    2    6    5    3    4    4   13     6
[2,]    7   12   15    7    6    8   11   14   17    13
[3,]   16   17   18   16   11   22   19   16   22    13
[4,]   23   23   19   23   26   28   21   27   26    19
[5,]   25   29   32   25   27   31   35   28   27    32
[6,]    4    4    6    4    5    5    2    3    3     3
[7,]   10   12   10   10    7    8    7   10    8     7
