a1
-2  6  7 12 14  5 
 1  1  1  1  1  3 
a2
10 15 16 19 13 18 
 1  1  1  1  2  2 
a3
15 22 26 27 20 23 
 1  1  1  1  2  2 
a4
20 23 24 25 27 28 
 1  1  1  1  2  2 
a5
29 30 32 33 27 31 
 1  1  1  1  2  2 
b1
1 3 4 5 
1 1 3 3 
b2
 9 10  7  8 11 
 1  1  2  2  2 
> 
> time_end<-Sys.time()
> 
> sum_l2_ab_3
[1]  5 18 21 22 22  5  9
> sum_l2_ab_6
[1] 10 17 21 29 34  4  9
> 
> L2_1
[1]  3 10 17 24 27  4 11
> L2_2
[1]  8  9 20 21 23  5  9
> L2_3
[1]  5 18 21 22 22  5  9
> L2_4
[1]  2  7 13 25 31  5  7
> L2_5
[1]  5 17 17 18 30  5 10
> L2_6
[1]  6 11 21 27 32  7 10
> L2_7
[1]  6 17 21 26 31  4  9
> L2_8
[1]  7 11 20 27 29  5  9
> 
> sum_L3_ab
[1]  9  9 20 21 32  5  9
> 
> time_dur<-time_end-time_start  
> time_dur
Time difference of 18.74348 hours
>  
> m_sum_l2
     [,1] [,2] [,3] [,4] [,5] [,6] [,7] [,8] [,9] [,10]
[1,]    5    3    8    5    2    5    6    6    7    10
[2,]   18   10    9   18    7   17   11   17   11    17
[3,]   21   17   20   21   13   17   21   21   20    21
[4,]   22   24   21   22   25   18   27   26   27    29
[5,]   22   27   23   22   31   30   32   31   29    34
[6,]    5    4    5    5    5    5    7    4    5     4
[7,]    9   11    9    9    7   10   10    9    9     9

