a1
 3  6  9 10  4  5 
 1  1  1  1  2  2 
a2
 5  9 10 11 12 21 14 
 1  1  1  1  1  1  2 
a3
14 20 21 23 17 18 
 1  1  1  1  2  2 
a4
21 23 25 26 22 
 1  1  1  2  3 
a5
26 27 28 30 32 34 36 37 
 1  1  1  1  1  1  1  1 
b1
2 7 8 3 5 
1 1 1 2 3 
b2
5 6 9 7 8 
1 1 1 2 3 
> 
> time_end<-Sys.time()
> 
> sum_l2_ab_3
[1]  6 10 15 23 28  1 10
> sum_l2_ab_6
[1]  3 14 15 27 31  3  9
> 
> L2_1
[1]  5 16 16 19 33  8  8
> L2_2
[1]  4 13 18 26 29  2 11
> L2_3
[1]  7  9 12 21 27  3 10
> L2_4
[1]  4 13 23 27 33  4  9
> L2_5
[1]  8  9 18 27 29  6  8
> L2_6
[1]  7 12 15 16 29  5  9
> L2_7
[1] 10 16 18 19 26  5  6
> L2_8
[1]  6  9 12 28 33  4  8
> 
> sum_L3_ab
[1] 10  6 20 31 31  4  8
> 
> time_dur<-time_end-time_start  
> time_dur
Time difference of 18.57661 hours
>  
> m_sum_l2
     [,1] [,2] [,3] [,4] [,5] [,6] [,7] [,8] [,9] [,10]
[1,]    6    5    4    7    4    8    7   10    6     3
[2,]   10   16   13    9   13    9   12   16    9    14
[3,]   15   16   18   12   23   18   15   18   12    15
[4,]   23   19   26   21   27   27   16   19   28    27
[5,]   28   33   29   27   33   29   29   26   33    31
[6,]    1    8    2    3    4    6    5    5    4     3
[7,]   10    8   11   10    9    8    9    6    8     9
> 
