a1
 3  5 13  7  4 
 1  1  1  2  3 
a2
10 14 16 17 18 22 12 
 1  1  1  1  1  1  2 
a3
21 23 28 18 24 
 1  1  1  2  3 
a4
25 26 28 30 32 35 27 
 1  1  1  1  1  1  2 
a5
27 29 30 32 34 35 33 
 1  1  1  1  1  1  2 
b1
2 3 5 4 
1 1 2 4 
b2
 4  6  7  9 10  8 
 1  1  1  1  1  3 
> 
> time_end<-Sys.time()
> 
> sum_l2_ab_3
[1] 10 16 22 27 27  4  9
> sum_l2_ab_6
[1]  4 10 21 26 27  1 11
> 
> L2_1
[1]  4 18 22 23 24  2  6
> L2_2
[1]  8  9 17 20 25  3  5
> L2_3
[1]  6 17 23 24 31  6  8
> L2_4
[1]  1 12 16 22 30  1  6
> L2_5
[1] 11 14 20 30 33  1  7
> L2_6
[1]  4 18 20 25 30  2 10
> L2_7
[1]  7 16 19 25 28  2 11
> L2_8
[1]  8 16 17 18 28  4 11
> 
> sum_L3_ab
[1] 14 16 18 31 30  3  3
> 
> time_dur<-time_end-time_start  
> time_dur
Time difference of 17.27359 hours
>  
> m_sum_l2
     [,1] [,2] [,3] [,4] [,5] [,6] [,7] [,8] [,9] [,10]
[1,]   10    4    8    6    1   11    4    7    8     4
[2,]   16   18    9   17   12   14   18   16   16    10
[3,]   22   22   17   23   16   20   20   19   17    21
[4,]   27   23   20   24   22   30   25   25   18    26
[5,]   27   24   25   31   30   33   30   28   28    27
[6,]    4    2    3    6    1    1    2    2    4     1
[7,]    9    6    5    8    6    7   10   11   11    11
> 
