a1
 4  5  6  7  8 11 
 1  1  1  1  2  2 
a2
 5 11 14 17 15 16 
 1  1  1  1  2  2 
a3
15 16 17 19 20 22 24 25 
 1  1  1  1  1  1  1  1 
a4
22 23 24 25 26 29 
 1  1  1  1  2  2 
a5
27 32 34 33 
 1  1  1  5 
b1
1 6 3 4 
1 1 3 3 
b2
6 8 7 
1 3 4 
> 
> time_end<-Sys.time()
> 
> sum_l2_ab_3
[1]  8 14 15 27 30  4 11
> sum_l2_ab_6
[1]  7 14 19 22 33  3 12
> 
> L2_1
[1]  5 14 14 16 24  3  6
> L2_2
[1]  8 10 12 25 32  7 10
> L2_3
[1]  5 16 18 27 30  7  9
> L2_4
[1]  4 10 20 23 25  7 10
> L2_5
[1]  3  8 12 15 31  3  8
> L2_6
[1]  6 15 21 23 33  3  8
> L2_7
[1]  7 12 23 29 30  5  8
> L2_8
[1]  8 10 14 22 30  6  8
> 
> sum_L3_ab
[1]  5 13 28 15 31  1  8
> 
> time_dur<-time_end-time_start  
> time_dur
Time difference of 18.2123 hours
>  
> m_sum_l2
     [,1] [,2] [,3] [,4] [,5] [,6] [,7] [,8] [,9] [,10]
[1,]    8    5    8    5    4    3    6    7    8     7
[2,]   14   14   10   16   10    8   15   12   10    14
[3,]   15   14   12   18   20   12   21   23   14    19
[4,]   27   16   25   27   23   15   23   29   22    22
[5,]   30   24   32   30   25   31   33   30   30    33
[6,]    4    3    7    7    7    3    3    5    6     3
[7,]   11    6   10    9   10    8    8    8    8    12
> 
