a1
2 7 8 4 3 
1 1 1 2 3 
a2
 5  6  7 10 13 14 18 19 
 1  1  1  1  1  1  1  1 
a3
12 18 20 21 15 24 
 1  1  1  1  2  2 
a4
19 20 24 26 28 29 21 
 1  1  1  1  1  1  2 
a5
25 26 28 31 34 29 
 1  1  1  1  1  3 
b1
4 3 5 2 
1 2 2 3 
b2
 4  6  8 10  9 
 1  1  1  1  4 
> 
> time_end<-Sys.time()
> 
> sum_l2_ab_3
[1] 10 14 18 26 32  4 10
> sum_l2_ab_6
[1]  3 13 18 20 25  3 11
> 
> L2_1
[1] 10 14 14 15 22  6 10
> L2_2
[1] 14 14 16 16 26  3  8
> L2_3
[1] 10 14 18 26 32  4 10
> L2_4
[1]  6 10 18 20 22  4 11
> L2_5
[1]  7  8 16 27 30  4  9
> L2_6
[1]  5  6 15 28 30  4 11
> L2_7
[1]  2 11 22 23 33  6  6
> L2_8
[1]  5  6 26 27 34  6  7
> 
> sum_L3_ab
[1]  8  8 15 12 24  5  7
> 
> time_dur<-time_end-time_start  
> time_dur
Time difference of 18.90495 hours
>  
> m_sum_l2
     [,1] [,2] [,3] [,4] [,5] [,6] [,7] [,8] [,9] [,10]
[1,]   10   10   14   10    6    7    5    2    5     3
[2,]   14   14   14   14   10    8    6   11    6    13
[3,]   18   14   16   18   18   16   15   22   26    18
[4,]   26   15   16   26   20   27   28   23   27    20
[5,]   32   22   26   32   22   30   30   33   34    25
[6,]    4    6    3    4    4    4    4    6    6     3
[7,]   10   10    8   10   11    9   11    6    7    11
> 
