a1
4 7 8 6 
1 1 2 4 
a2
 6  7 10 12 13 16 14 
 1  1  1  1  1  1  2 
a3
11 15 18 19 16 21 
 1  1  1  1  2  2 
a4
21 22 23 26 27 25 
 1  1  1  1  1  3 
a5
27 28 33 34 29 
 1  1  1  2  3 
b1
3 5 7 9 4 6 
1 1 1 1 2 2 
b2
11  8 10  9 
 1  2  2  3 
> 
> time_end<-Sys.time()
> 
> sum_l2_ab_3
[1]  3 13 22 27 30  3  9
> sum_l2_ab_6
[1] 12 15 17 25 33  8 13
> 
> L2_1
[1] 10 14 18 26 31  1 11
> L2_2
[1]  4 13 17 25 30  5  9
> L2_3
[1]  3 13 22 27 30  3  9
> L2_4
[1]  6 15 23 27 27  4  9
> L2_5
[1]  3 11 18 22 31  5 12
> L2_6
[1]  8 16 19 28 30  3 12
> L2_7
[1]  8 13 21 22 31  6  7
> L2_8
[1]  6 16 19 24 29  3 10
> 
> sum_L3_ab
[1]  6 14 18 27 34  4 12
> 
> time_dur<-time_end-time_start  
> time_dur
Time difference of 18.90544 hours
>  
> m_sum_l2
     [,1] [,2] [,3] [,4] [,5] [,6] [,7] [,8] [,9] [,10]
[1,]    3   10    4    3    6    3    8    8    6    12
[2,]   13   14   13   13   15   11   16   13   16    15
[3,]   22   18   17   22   23   18   19   21   19    17
[4,]   27   26   25   27   27   22   28   22   24    25
[5,]   30   31   30   30   27   31   30   31   29    33
[6,]    3    1    5    3    4    5    3    6    3     8
[7,]    9   11    9    9    9   12   12    7   10    13
> 
