a1
 4  6  8 10  5  7 
 1  1  1  1  2  2 
a2
10 11 13 12  9 
 1  1  1  2  3 
a3
13 15 19 21 22 23 16 
 1  1  1  1  1  1  2 
a4
26 17 25 27 
 1  2  2  3 
a5
32 33 34 35 31 
 1  1  1  2  3 
b1
3 5 6 
2 3 3 
b2
 5  6  9 10 
 1  1  2  4 
> 
> time_end<-Sys.time()
> 
> sum_l2_ab_3
[1]  2  8  8 25 32  4  9
> sum_l2_ab_6
[1]  6 12 13 14 27  6  9
> 
> L2_1
[1]  9 11 21 25 26  5  8
> L2_2
[1]  4  9 12 27 32  2  7
> L2_3
[1]  3 13 18 26 33  3  9
> L2_4
[1]  7  9 12 28 28  4  9
> L2_5
[1]  4 10 19 24 31  4  9
> L2_6
[1]  7 13 17 21 29  6  8
> L2_7
[1]  5 11 12 22 28  4  6
> L2_8
[1]  9 16 19 29 31  2 11
> 
> sum_L3_ab
[1]  3 13 22 11 18  1  7
> 
> time_dur<-time_end-time_start  
> time_dur
Time difference of 16.1636 hours
>  
> m_sum_l2
     [,1] [,2] [,3] [,4] [,5] [,6] [,7] [,8] [,9] [,10]
[1,]    2    9    4    3    7    4    7    5    9     6
[2,]    8   11    9   13    9   10   13   11   16    12
[3,]    8   21   12   18   12   19   17   12   19    13
[4,]   25   25   27   26   28   24   21   22   29    14
[5,]   32   26   32   33   28   31   29   28   31    27
[6,]    4    5    2    3    4    4    6    4    2     6
[7,]    9    8    7    9    9    9    8    6   11     9

