a1
5 6 9 2 4 
1 1 1 2 3 
a2
 5 10 11  8 13 
 1  1  1  2  3 
a3
19 21 22 25 17 20 
 1  1  1  1  2  2 
a4
24 28 29 25 26 
 1  1  1  2  3 
a5
28 29 30 34 32 33 
 1  1  1  1  2  2 
b1
4 5 3 
1 3 4 
b2
 9  8 10 
 2  3  3 
> 
> time_end<-Sys.time()
> 
> sum_l2_ab_3
[1]  9 19 20 21 30  4  5
> sum_l2_ab_6
[1]  5  5 17 22 31  2 10
> 
> L2_1
[1]  1 13 17 28 32  3 12
> L2_2
[1]  8 15 21 26 27  1 11
> L2_3
[1]  3 10 17 25 31  5 10
> L2_4
[1]  6 13 17 24 26  8  9
> L2_5
[1]  7 16 22 25 26  5 11
> L2_6
[1]  6 12 15 27 33  6  8
> L2_7
[1]  9 10 21 22 32  4  8
> L2_8
[1]  5 11 22 29 30  5  8
> 
> sum_L3_ab
[1]  2  5 17 23 32  2  6
> 
> time_dur<-time_end-time_start  
> time_dur
Time difference of 19.09022 hours
>  
> m_sum_l2
     [,1] [,2] [,3] [,4] [,5] [,6] [,7] [,8] [,9] [,10]
[1,]    9    1    8    3    6    7    6    9    5     5
[2,]   19   13   15   10   13   16   12   10   11     5
[3,]   20   17   21   17   17   22   15   21   22    17
[4,]   21   28   26   25   24   25   27   22   29    22
[5,]   30   32   27   31   26   26   33   32   30    31
[6,]    4    3    1    5    8    5    6    4    5     2
[7,]    5   12   11   10    9   11    8    8    8    10
> 
