a1
 1  2  3  5  7  8 10 
 1  1  1  1  1  1  2 
a2
11 14 15 10 
 1  2  2  3 
a3
16 18 19 17 14 
 1  1  1  2  3 
a4
17 18 25 27 29 24 
 1  1  1  1  1  3 
a5
25 28 34 35 29 32 
 1  1  1  1  2  2 
b1
0 3 4 5 6 8 
1 1 1 1 2 2 
b2
 6  7  8  9 10 
 1  1  2  2  2 
> 
> time_end<-Sys.time()
> 
> sum_l2_ab_3
[1]  4 11 14 16 29  3 11
> sum_l2_ab_6
[1]  2 13 13 22 26  5  9
> 
> L2_1
[1]  5  9 16 19 25  4  4
> L2_2
[1]  5  8  8 10 23  2  8
> L2_3
[1]  4 11 14 16 29  3 11
> L2_4
[1]  5  9 12 17 29  4  7
> L2_5
[1]  4  9 17 20 33  4  9
> L2_6
[1] 12 12 22 25 29  2  7
> L2_7
[1]  9 15 21 23 30  5 10
> L2_8
[1]  8 19 23 27 33  5 12
> 
> sum_L3_ab
[1]  5  6  7 23 24  2  8
> 
> time_dur<-time_end-time_start  
> time_dur
Time difference of 17.25575 hours
>  
> m_sum_l2
     [,1] [,2] [,3] [,4] [,5] [,6] [,7] [,8] [,9] [,10]
[1,]    4    5    5    4    5    4   12    9    8     2
[2,]   11    9    8   11    9    9   12   15   19    13
[3,]   14   16    8   14   12   17   22   21   23    13
[4,]   16   19   10   16   17   20   25   23   27    22
[5,]   29   25   23   29   29   33   29   30   33    26
[6,]    3    4    2    3    4    4    2    5    5     5
[7,]   11    4    8   11    7    9    7   10   12     9

