a1
2 7 8 6 3 
1 1 1 2 3 
a2
 7  9 11 12 16 19 22 25 
 1  1  1  1  1  1  1  1 
a3
15 25 27 20 22 
 1  1  1  2  3 
a4
22 25 26 30 31 27 
 1  1  1  1  1  3 
a5
27 29 35 33 32 
 1  1  1  2  3 
b1
3 4 
4 4 
b2
 7  8 10  9 
 1  2  2  3 
> 
> time_end<-Sys.time()
> 
> sum_l2_ab_3
[1]  5 11 20 22 31  5 10
> sum_l2_ab_6
[1]  5 12 24 26 26  4 11
> 
> L2_1
[1]  4 17 20 24 30  1  5
> L2_2
[1]  3 17 23 30 31  3  9
> L2_3
[1]  3 14 22 26 31  5  9
> L2_4
[1]  4 15 22 28 30  5  8
> L2_5
[1]  5 10 20 29 34  3  8
> L2_6
[1]  6 10 18 25 32  3 12
> L2_7
[1] 12 13 20 25 34  5  9
> L2_8
[1]  9  9 22 28 35  4 11
> 
> sum_L3_ab
[1]  3  5 24 15 10  4  7
> 
> time_dur<-time_end-time_start  
> time_dur
Time difference of 17.83398 hours
>  
> m_sum_l2
     [,1] [,2] [,3] [,4] [,5] [,6] [,7] [,8] [,9] [,10]
[1,]    5    4    3    3    4    5    6   12    9     5
[2,]   11   17   17   14   15   10   10   13    9    12
[3,]   20   20   23   22   22   20   18   20   22    24
[4,]   22   24   30   26   28   29   25   25   28    26
[5,]   31   30   31   31   30   34   32   34   35    26
[6,]    5    1    3    5    5    3    3    5    4     4
[7,]   10    5    9    9    8    8   12    9   11    11

