a1
 2  3  7  9 12 19  6 
 1  1  1  1  1  1  2 
a2
 3 13 17 20 14 15 
 1  1  1  1  2  2 
a3
14 21 19 18 
 1  1  2  4 
a4
19 20 25 31 24 30 
 1  1  1  1  2  2 
a5
27 29 30 33 32 
 1  1  1  1  4 
b1
0 3 7 4 6 
1 1 1 2 3 
b2
 8  9 10 11 13 12 
 1  1  1  1  1  3 
> 
> time_end<-Sys.time()
> 
> sum_l2_ab_3
[1]  9 12 15 23 32  4  6
> sum_l2_ab_6
[1]  6 12 21 26 31  4 10
> 
> L2_1
[1]  3  8 19 21 30  4  4
> L2_2
[1]  4  8 19 24 29  1  5
> L2_3
[1]  9 12 15 23 32  4  6
> L2_4
[1]  8  8 12 16 30  3  9
> L2_5
[1]  3  5 15 21 26  5  9
> L2_6
[1]  3  7 11 21 24  5  8
> L2_7
[1]  9 10 17 18 30  3 12
> L2_8
[1] 10 15 23 25 33  6  8
> 
> sum_L3_ab
[1]  1 10  6 26 33  5  9
> 
> time_dur<-time_end-time_start  
> time_dur
Time difference of 17.82696 hours
>  
> m_sum_l2
     [,1] [,2] [,3] [,4] [,5] [,6] [,7] [,8] [,9] [,10]
[1,]    9    3    4    9    8    3    3    9   10     6
[2,]   12    8    8   12    8    5    7   10   15    12
[3,]   15   19   19   15   12   15   11   17   23    21
[4,]   23   21   24   23   16   21   21   18   25    26
[5,]   32   30   29   32   30   26   24   30   33    31
[6,]    4    4    1    4    3    5    5    3    6     4
[7,]    6    4    5    6    9    9    8   12    8    10
> 
