a1
 6  8 10  4  7 
 1  1  1  2  3 
a2
 8  9 14 18 19 22 10 
 1  1  1  1  1  1  2 
a3
17 18 19 22 23 24 21 
 1  1  1  1  1  1  2 
a4
19 22 24 25 26 27 28 30 
 1  1  1  1  1  1  1  1 
a5
24 27 28 30 31 35 32 
 1  1  1  1  1  1  2 
b1
5 7 4 3 
1 1 2 4 
b2
 6 10  7  8 
 1  1  2  4 
> 
> time_end<-Sys.time()
> 
> sum_l2_ab_3
[1]  2 15 16 24 32  4 11
> sum_l2_ab_6
[1]  6 11 17 19 32  4  8
> 
> L2_1
[1]  3  6 15 24 25  2  9
> L2_2
[1]  2  7 13 23 32  2  9
> L2_3
[1]  2 15 16 24 32  4 11
> L2_4
[1]  8 10 21 22 29  5 11
> L2_5
[1]  6 15 22 26 31  5 11
> L2_6
[1] 17 17 23 29 34  3 12
> L2_7
[1]  3 16 22 29 30  6 11
> L2_8
[1]  9 14 17 26 33  5  8
> 
> sum_L3_ab
[1]  3  7 21 21 26  1 10
> 
> time_dur<-time_end-time_start  
> time_dur
Time difference of 17.88992 hours
>  
> m_sum_l2
     [,1] [,2] [,3] [,4] [,5] [,6] [,7] [,8] [,9] [,10]
[1,]    2    3    2    2    8    6   17    3    9     6
[2,]   15    6    7   15   10   15   17   16   14    11
[3,]   16   15   13   16   21   22   23   22   17    17
[4,]   24   24   23   24   22   26   29   29   26    19
[5,]   32   25   32   32   29   31   34   30   33    32
[6,]    4    2    2    4    5    5    3    6    5     4
[7,]   11    9    9   11   11   11   12   11    8     8
> 
