a1
2 6 9 7 5 
1 1 1 2 3 
a2
10 12 14 18  7  9 
 1  1  1  1  2  2 
a3
15 16 19 20 22 23 21 
 1  1  1  1  1  1  2 
a4
19 21 22 26 27 31 25 
 1  1  1  1  1  1  2 
a5
29 33 34 30 31 
 1  1  1  2  3 
b1
3 6 2 4 
1 1 2 4 
b2
 4  5  6  8  9 10  7 
 1  1  1  1  1  1  2 
> 
> time_end<-Sys.time()
> 
> sum_l2_ab_3
[1]  5  7 17 24 30  4  5
> sum_l2_ab_6
[1]  6  6 22 30 35  3  8
> 
> L2_1
[1]  4  5 16 27 33  7  7
> L2_2
[1]  6 10 15 24 33  1  6
> L2_3
[1]  4 13 23 24 24  5 10
> L2_4
[1]  3 11 19 23 32  3  8
> L2_5
[1]  5 12 18 29 31  4  8
> L2_6
[1]  7 13 21 26 29  4  5
> L2_7
[1]  7 15 21 23 28  1  6
> L2_8
[1]  5 11 11 18 28  4 11
> 
> sum_L3_ab
[1]  1 17 19 33 24  3  2
> 
> time_dur<-time_end-time_start  
> time_dur
Time difference of 19.21002 hours
>  
> m_sum_l2
     [,1] [,2] [,3] [,4] [,5] [,6] [,7] [,8] [,9] [,10]
[1,]    5    4    6    4    3    5    7    7    5     6
[2,]    7    5   10   13   11   12   13   15   11     6
[3,]   17   16   15   23   19   18   21   21   11    22
[4,]   24   27   24   24   23   29   26   23   18    30
[5,]   30   33   33   24   32   31   29   28   28    35
[6,]    4    7    1    5    3    4    4    1    4     3
[7,]    5    7    6   10    8    8    5    6   11     8
> 
