a1
6 7 8 5 3 
1 1 1 2 3 
a2
 4  7 10 11 14 16 12 
 1  1  1  1  1  1  2 
a3
12 15 19 25 18 20 
 1  1  1  1  2  2 
a4
22 23 26 27 29 30 28 
 1  1  1  1  1  1  2 
a5
29 30 31 32 
 2  2  2  2 
b1
3 4 2 5 6 
1 1 2 2 2 
b2
 9  8 11 
 2  3  3 
> 
> time_end<-Sys.time()
> 
> sum_l2_ab_3
[1]  2 10 20 25 27  3  9
> sum_l2_ab_6
[1]  4 16 19 20 30  6 11
> 
> L2_1
[1]  7  9 12 18 30  7  8
> L2_2
[1]  4 11 21 21 26  5  9
> L2_3
[1]  2 10 14 20 31  4 11
> L2_4
[1]  6 14 20 23 34  2 12
> L2_5
[1] 11 12 13 29 29  5 10
> L2_6
[1]  5 12 15 25 33  6 11
> L2_7
[1]  6  8 21 24 27  2  5
> L2_8
[1]  3 13 24 28 29  2  8
> 
> sum_L3_ab
[1]  4 11 17 26 32  3  5
> 
> time_dur<-time_end-time_start  
> time_dur
Time difference of 20.36425 hours
>  
> m_sum_l2
     [,1] [,2] [,3] [,4] [,5] [,6] [,7] [,8] [,9] [,10]
[1,]    2    7    4    2    6   11    5    6    3     4
[2,]   10    9   11   10   14   12   12    8   13    16
[3,]   20   12   21   14   20   13   15   21   24    19
[4,]   25   18   21   20   23   29   25   24   28    20
[5,]   27   30   26   31   34   29   33   27   29    30
[6,]    3    7    5    4    2    5    6    2    2     6
[7,]    9    8    9   11   12   10   11    5    8    11

