a1
4 7 8 5 6 
1 1 1 2 3 
a2
 6  9 10 12 17 18 11 
 1  1  1  1  1  1  2 
a3
19 20 25 17 21 
 1  1  1  2  3 
a4
21 28 29 26 22 
 1  1  1  2  3 
a5
28 30 29 
 1  2  5 
b1
3 6 7 8 4 5 
1 1 1 1 2 2 
b2
 7  9 10  8 
 1  2  2  3 
> 
> time_end<-Sys.time()
> 
> sum_l2_ab_3
[1]  3  4 17 24 30  8  8
> sum_l2_ab_6
[1]  3 10 17 21 29  6 10
> 
> L2_1
[1]  5  7 14 22 30  4  9
> L2_2
[1]  8 14 15 23 31  6  9
> L2_3
[1]  6 10 12 24 32  3  8
> L2_4
[1]  3 14 19 19 34  8 11
> L2_5
[1]  6  8 11 22 28  4 10
> L2_6
[1]  7 14 16 23 29  4  9
> L2_7
[1]  8 17 21 23 27  3 10
> L2_8
[1]  1 15 22 26 31  6  9
> 
> sum_L3_ab
[1]  1  9 20 22 30  2  9
> 
> time_dur<-time_end-time_start  
> time_dur
Time difference of 17.70197 hours
>  
> m_sum_l2
     [,1] [,2] [,3] [,4] [,5] [,6] [,7] [,8] [,9] [,10]
[1,]    3    5    8    6    3    6    7    8    1     3
[2,]    4    7   14   10   14    8   14   17   15    10
[3,]   17   14   15   12   19   11   16   21   22    17
[4,]   24   22   23   24   19   22   23   23   26    21
[5,]   30   30   31   32   34   28   29   27   31    29
[6,]    8    4    6    3    8    4    4    3    6     6
[7,]    8    9    9    8   11   10    9   10    9    10

