a1
 3  6  7  8 10 12  5 
 1  1  1  1  1  1  2 
a2
10 13 14 19 12 15 
 1  1  1  1  2  2 
a3
13 14 18 20 21 23 19 
 1  1  1  1  1  1  2 
a4
21 23 28 29 25 
 1  1  1  2  3 
a5
29 30 32 33 
 1  1  3  3 
b1
9 5 6 3 
1 2 2 3 
b2
 6  8  9 10 11 12  7 
 1  1  1  1  1  1  2 
> 
> time_end<-Sys.time()
> 
> sum_l2_ab_3
[1]  3 12 19 24 28  6  7
> sum_l2_ab_6
[1]  5 19 21 23 28  8 13
> 
> L2_1
[1]  4  9 18 21 26  7  8
> L2_2
[1]  7  8 18 25 32  7 10
> L2_3
[1]  6 12 24 24 30  4 11
> L2_4
[1]  1 13 16 27 32  5  7
> L2_5
[1]  2  8 19 31 33  6 11
> L2_6
[1]  6  9 14 25 32  3  8
> L2_7
[1]  9 12 19 27 34  3  9
> L2_8
[1]  8 19 25 27 30  3  6
> 
> sum_L3_ab
[1]  1 10 20 14 31  4  9
> 
> time_dur<-time_end-time_start  
> time_dur
Time difference of 20.42427 hours
>  
> m_sum_l2
     [,1] [,2] [,3] [,4] [,5] [,6] [,7] [,8] [,9] [,10]
[1,]    3    4    7    6    1    2    6    9    8     5
[2,]   12    9    8   12   13    8    9   12   19    19
[3,]   19   18   18   24   16   19   14   19   25    21
[4,]   24   21   25   24   27   31   25   27   27    23
[5,]   28   26   32   30   32   33   32   34   30    28
[6,]    6    7    7    4    5    6    3    3    3     8
[7,]    7    8   10   11    7   11    8    9    6    13

