a1
 1  5 12  6  7 
 1  1  1  2  3 
a2
10 13 14 15 17  8 
 1  1  1  1  1  3 
a3
14 18 20 19 16 
 1  1  1  2  3 
a4
15 17 18 21 23 24 26 28 
 1  1  1  1  1  1  1  1 
a5
24 26 27 31 32 33 29 
 1  1  1  1  1  1  2 
b1
6 3 4 5 
1 2 2 3 
b2
5 7 9 6 8 
1 1 1 2 3 
> 
> time_end<-Sys.time()
> 
> sum_l2_ab_3
[1]  1  7 18 23 25  4  7
> sum_l2_ab_6
[1]  5 11 18 18 27  4 10
> 
> L2_1
[1]  6  8  9 12 22  2 10
> L2_2
[1]  4  7  7 23 26  8  9
> L2_3
[1]  1  5 14 28 29  4 10
> L2_4
[1]  3  8 15 16 30  2 11
> L2_5
[1]  6 13 16 23 26  7 13
> L2_6
[1]  7  8 13 17 33  5  6
> L2_7
[1]  9 11 12 24 31  4  8
> L2_8
[1]  8 11 16 31 35  4 11
> 
> sum_L3_ab
[1]  2  4 13 16 32  4  8
> 
> time_dur<-time_end-time_start  
> time_dur
Time difference of 19.36773 hours
>  
> m_sum_l2
     [,1] [,2] [,3] [,4] [,5] [,6] [,7] [,8] [,9] [,10]
[1,]    1    6    4    1    3    6    7    9    8     5
[2,]    7    8    7    5    8   13    8   11   11    11
[3,]   18    9    7   14   15   16   13   12   16    18
[4,]   23   12   23   28   16   23   17   24   31    18
[5,]   25   22   26   29   30   26   33   31   35    27
[6,]    4    2    8    4    2    7    5    4    4     4
[7,]    7   10    9   10   11   13    6    8   11    10
> 
