a1
5 7 3 4 6 
1 1 2 2 2 
a2
 7  8 12 15 13 14 
 1  1  1  1  2  2 
a3
15 23 22 19 
 1  1  2  4 
a4
20 22 24 25 26 28 23 
 1  1  1  1  1  1  2 
a5
26 28 31 32 29 30 
 1  1  1  1  2  2 
b1
1 2 3 4 6 9 5 
1 1 1 1 1 1 2 
b2
 5  7  9 10  4  6 
 1  1  1  1  2  2 
> 
> time_end<-Sys.time()
> 
> sum_l2_ab_3
[1]  7 14 18 27 32  7  8
> sum_l2_ab_6
[1]  3 15 20 28 34  4  7
> 
> L2_1
[1]  8 10 13 15 18  4  8
> L2_2
[1] 10 14 19 21 33  4  5
> L2_3
[1]  7  9 16 24 31  5 10
> L2_4
[1]  3 11 14 19 33  5  6
> L2_5
[1]  3  6 21 25 25  4  9
> L2_6
[1]  6 12 22 23 30  8 11
> L2_7
[1]  8  9 20 25 30  2  7
> L2_8
[1]  6 17 21 29 29  5  8
> 
> sum_L3_ab
[1]  2  6 18 28 26  2  6
> 
> time_dur<-time_end-time_start  
> time_dur
Time difference of 17.88482 hours
>  
> m_sum_l2
     [,1] [,2] [,3] [,4] [,5] [,6] [,7] [,8] [,9] [,10]
[1,]    7    8   10    7    3    3    6    8    6     3
[2,]   14   10   14    9   11    6   12    9   17    15
[3,]   18   13   19   16   14   21   22   20   21    20
[4,]   27   15   21   24   19   25   23   25   29    28
[5,]   32   18   33   31   33   25   30   30   29    34
[6,]    7    4    4    5    5    4    8    2    5     4
[7,]    8    8    5   10    6    9   11    7    8     7
> 
