a1
3 7 4 6 9 
1 1 2 2 2 
a2
 8 10 11 13 16 22 19 
 1  1  1  1  1  1  2 
a3
21 25 20 23 
 1  1  3  3 
a4
22 24 25 23 28 
 1  1  1  2  3 
a5
27 28 32 33 30 
 1  1  1  2  3 
b1
3 4 7 5 2 
1 1 1 2 3 
b2
 7  9 10 12  8 11 
 1  1  1  1  2  2 
> 
> time_end<-Sys.time()
> 
> sum_l2_ab_3
[1]  3  7 17 21 26  5 10
> sum_l2_ab_6
[1]  9 16 20 20 33  3  8
> 
> L2_1
[1] 10 13 17 18 30  6  8
> L2_2
[1]  6 12 13 24 35  8  8
> L2_3
[1]  3 10 16 28 31  2  8
> L2_4
[1] 10 10 16 24 24  4  5
> L2_5
[1]  2  6 20 23 25  4  6
> L2_6
[1]  5  9 19 22 25  4  9
> L2_7
[1]  7 10 14 29 32 -1  7
> L2_8
[1]  8 14 20 25 30  5 10
> 
> sum_L3_ab
[1]  3  7 20 30 32  4 10
> 
> time_dur<-time_end-time_start  
> time_dur
Time difference of 17.11616 hours
>  
> m_sum_l2
     [,1] [,2] [,3] [,4] [,5] [,6] [,7] [,8] [,9] [,10]
[1,]    3   10    6    3   10    2    5    7    8     9
[2,]    7   13   12   10   10    6    9   10   14    16
[3,]   17   17   13   16   16   20   19   14   20    20
[4,]   21   18   24   28   24   23   22   29   25    20
[5,]   26   30   35   31   24   25   25   32   30    33
[6,]    5    6    8    2    4    4    4   -1    5     3
[7,]   10    8    8    8    5    6    9    7   10     8
> 
