a1
 8 12 14 10  5 
 1  1  1  2  3 
a2
 9 13 16 19 10 14 
 1  1  1  1  2  2 
a3
18 19 21 24 13 14 
 1  1  1  1  2  2 
a4
21 23 25 26 28 24 
 1  1  1  1  1  3 
a5
33 28 29 27 
 1  2  2  3 
b1
5 4 6 3 
1 2 2 3 
b2
 7 10 11  8  9 
 1  1  1  2  3 
> 
> time_end<-Sys.time()
> 
> sum_l2_ab_3
[1]  4  9 18 20 29  5 10
> sum_l2_ab_6
[1]  1 10 11 20 22  3  9
> 
> L2_1
[1]  6 14 18 26 29  4  6
> L2_2
[1]  5 10 19 24 34  4  7
> L2_3
[1]  4 14 18 22 29  5 10
> L2_4
[1]  7  8 18 19 32  3 11
> L2_5
[1]  2  9 19 22 30  2  8
> L2_6
[1]  3 15 23 24 32  5  8
> L2_7
[1]  4 12 20 23 32  4  9
> L2_8
[1]  8  9 17 27 36  7  8
> 
> sum_L3_ab
[1]  4  9 23 18 31  4  6
> 
> time_dur<-time_end-time_start  
> time_dur
Time difference of 18.01061 hours
>  
> m_sum_l2
     [,1] [,2] [,3] [,4] [,5] [,6] [,7] [,8] [,9] [,10]
[1,]    4    6    5    4    7    2    3    4    8     1
[2,]    9   14   10   14    8    9   15   12    9    10
[3,]   18   18   19   18   18   19   23   20   17    11
[4,]   20   26   24   22   19   22   24   23   27    20
[5,]   29   29   34   29   32   30   32   32   36    22
[6,]    5    4    4    5    3    2    5    4    7     3
[7,]   10    6    7   10   11    8    8    9    8     9

