a1
2 6 7 5 9 
1 1 1 2 3 
a2
 8 10 14 15 16 21 13 
 1  1  1  1  1  1  2 
a3
19 25 17 18 
 1  1  2  4 
a4
20 21 23 25 26 
 1  1  2  2  2 
a5
27 28 29 30 32 33 31 
 1  1  1  1  1  1  2 
b1
1 2 5 7 3 4 
1 1 1 1 2 2 
b2
 7  8  9 10 
 1  2  2  3 
> 
> time_end<-Sys.time()
> 
> sum_l2_ab_3
[1]  4  9 12 22 35  7  7
> sum_l2_ab_6
[1]  6 10 11 29 31  6 10
> 
> L2_1
[1]  7  9 15 18 28  2  7
> L2_2
[1]  2 12 15 22 23  6 13
> L2_3
[1]  7  7 18 21 29  2 10
> L2_4
[1]  5 13 17 25 32  7  8
> L2_5
[1]  4  6 21 28 33  4  7
> L2_6
[1]  5  8 10 24 36  4  5
> L2_7
[1]  5 11 21 25 31  3 10
> L2_8
[1]  4 12 17 26 33  4 11
> 
> sum_L3_ab
[1]  2 17 11 28 26  2  8
> 
> time_dur<-time_end-time_start  
> time_dur
Time difference of 17.7587 hours
>  
> m_sum_l2
     [,1] [,2] [,3] [,4] [,5] [,6] [,7] [,8] [,9] [,10]
[1,]    4    7    2    7    5    4    5    5    4     6
[2,]    9    9   12    7   13    6    8   11   12    10
[3,]   12   15   15   18   17   21   10   21   17    11
[4,]   22   18   22   21   25   28   24   25   26    29
[5,]   35   28   23   29   32   33   36   31   33    31
[6,]    7    2    6    2    7    4    4    3    4     6
[7,]    7    7   13   10    8    7    5   10   11    10
> 
