a1
0 2 3 4 7 9 5 
1 1 1 1 1 1 2 
a2
 8 12 16 18 10 14 
 1  1  1  1  2  2 
a3
13 14 15 16 18 25 21 
 1  1  1  1  1  1  2 
a4
18 23 25 27 24 28 
 1  1  1  1  2  2 
a5
30 31 32 33 
 1  1  3  3 
b1
6 3 4 
2 3 3 
b2
 6  8 10 11  9 12 
 1  1  1  1  2  2 
> 
> time_end<-Sys.time()
> 
> sum_l2_ab_3
[1]  2  9 19 29 31  5  8
> sum_l2_ab_6
[1]  6 14 21 24 33  1 12
> 
> L2_1
[1]  9 11 15 20 29  5 10
> L2_2
[1]  4  7  8 25 30  7  8
> L2_3
[1]  5  7 15 16 16  3  9
> L2_4
[1]  3 10 18 20 30  3 11
> L2_5
[1]  8 16 17 23 25  2 10
> L2_6
[1]  7 16 22 25 35  5  6
> L2_7
[1]  4  9 11 24 28  4 12
> L2_8
[1]  7 11 21 22 33  7 10
> 
> sum_L3_ab
[1]  3  7 20 18 29  3  8
> 
> time_dur<-time_end-time_start  
> time_dur
Time difference of 19.35142 hours
>  
> m_sum_l2
     [,1] [,2] [,3] [,4] [,5] [,6] [,7] [,8] [,9] [,10]
[1,]    2    9    4    5    3    8    7    4    7     6
[2,]    9   11    7    7   10   16   16    9   11    14
[3,]   19   15    8   15   18   17   22   11   21    21
[4,]   29   20   25   16   20   23   25   24   22    24
[5,]   31   29   30   16   30   25   35   28   33    33
[6,]    5    5    7    3    3    2    5    4    7     1
[7,]    8   10    8    9   11   10    6   12   10    12

