a1
 3  4  5  7  9 13  6 
 1  1  1  1  1  1  2 
a2
10 13 15  9 12 
 1  1  1  2  3 
a3
15 16 17 22 19 23 
 1  1  1  1  2  2 
a4
24 25 27 28 29 26 
 1  1  1  1  1  3 
a5
28 33 30 31 
 1  1  2  4 
b1
3 5 2 4 
1 1 3 3 
b2
 8  9 10 
 1  3  4 
> 
> time_end<-Sys.time()
> 
> sum_l2_ab_3
[1]  5 13 19 23 30  5  9
> sum_l2_ab_6
[1]  3  9 17 25 32  3 11
> 
> L2_1
[1]  5 15 15 21 31  6  6
> L2_2
[1]  4 16 20 27 31  4 12
> L2_3
[1]  5 14 17 22 28  5  9
> L2_4
[1]  5 13 18 23 29  4  9
> L2_5
[1]  4 13 18 19 29  3 12
> L2_6
[1]  3 18 19 21 31  7  8
> L2_7
[1]  2  7 15 27 29  7  8
> L2_8
[1] 10 12 20 30 32  3  8
> 
> sum_L3_ab
[1]  4  7 22 30 34  4  8
> 
> time_dur<-time_end-time_start  
> time_dur
Time difference of 19.1644 hours
>  
> m_sum_l2
     [,1] [,2] [,3] [,4] [,5] [,6] [,7] [,8] [,9] [,10]
[1,]    5    5    4    5    5    4    3    2   10     3
[2,]   13   15   16   14   13   13   18    7   12     9
[3,]   19   15   20   17   18   18   19   15   20    17
[4,]   23   21   27   22   23   19   21   27   30    25
[5,]   30   31   31   28   29   29   31   29   32    32
[6,]    5    6    4    5    4    3    7    7    3     3
[7,]    9    6   12    9    9   12    8    8    8    11
> 
