a1
12  7  8  4 
 1  2  2  3 
a2
 7 17  9 13 14 
 1  1  2  2  2 
a3
17 20 21 23 15 18 
 1  1  1  1  2  2 
a4
18 21 22 27 28 31 25 
 1  1  1  1  1  1  2 
a5
27 33 31 32 
 1  1  3  3 
b1
5 8 4 6 
1 1 2 4 
b2
 9 10  8 11 12 
 1  1  2  2  2 
> 
> time_end<-Sys.time()
> 
> sum_l2_ab_3
[1]  4  7 16 26 32  1  8
> sum_l2_ab_6
[1]  7 12 20 20 31  4 10
> 
> L2_1
[1]  5 10 17 20 28  7  8
> L2_2
[1]  2 16 18 20 33  2 11
> L2_3
[1]  4 11 13 25 30  7 12
> L2_4
[1]  5  5 18 20 28  2 10
> L2_5
[1]  5 13 25 29 31  3 10
> L2_6
[1]  2 13 20 21 32  4  8
> L2_7
[1]  6  8 16 27 34  3  6
> L2_8
[1] 10 12 19 22 32  2 10
> 
> sum_L3_ab
[1]  2 13 20 13 32  3  6
> 
> time_dur<-time_end-time_start  
> time_dur
Time difference of 19.15683 hours
>  
> m_sum_l2
     [,1] [,2] [,3] [,4] [,5] [,6] [,7] [,8] [,9] [,10]
[1,]    4    5    2    4    5    5    2    6   10     7
[2,]    7   10   16   11    5   13   13    8   12    12
[3,]   16   17   18   13   18   25   20   16   19    20
[4,]   26   20   20   25   20   29   21   27   22    20
[5,]   32   28   33   30   28   31   32   34   32    31
[6,]    1    7    2    7    2    3    4    3    2     4
[7,]    8    8   11   12   10   10    8    6   10    10
> 
