a1
 3  5  6  8  9 12  4 
 1  1  1  1  1  1  2 
a2
 7 12 13 14 15 11 
 1  1  1  1  1  3 
a3
13 15 18 19 20 23 17 
 1  1  1  1  1  1  2 
a4
18 19 21 24 26 27 23 
 1  1  1  1  1  1  2 
a5
32 33 36 35 31 
 1  1  1  2  3 
b1
2 7 8 4 
1 1 1 5 
b2
 6  7 11  9  8 
 1  1  1  2  3 
> 
> time_end<-Sys.time()
> 
> sum_l2_ab_3
[1]  6 17 18 21 32  3  6
> sum_l2_ab_6
[1] 10 11 14 24 35  5 13
> 
> L2_1
[1]  7 12 20 22 29  3 11
> L2_2
[1]  3 11 18 24 29  7  8
> L2_3
[1]  6 17 18 21 32  3  6
> L2_4
[1] 10 14 20 21 27  5  9
> L2_5
[1]  2  7 18 22 30  3  6
> L2_6
[1]  2 15 16 25 35  4 10
> L2_7
[1] 10 18 21 24 31  4 12
> L2_8
[1]  5 12 14 25 29  2  9
> 
> time_dur<-time_end-time_start  
> time_dur
Time difference of 19.42995 hours
>  
> sum_l2<-c(sum_l2_ab_3[1],L2_1[1],L2_2[1],L2_3[1],L2_4[1],L2_5[1],L2_6[1],L2_7[1],L2_8[1],sum_l2_ab_6[1],
+           sum_l2_ab_3[2],L2_1[2],L2_2[2],L2_3[2],L2_4[2],L2_5[2],L2_6[2],L2_7[2],L2_8[2],sum_l2_ab_6[2],
+           sum_l2_ab_3[3],L2_1[3],L2_2[3],L2_3[3],L2_4[3],L2_5[3],L2_6[3],L2_7[3],L2_8[3],sum_l2_ab_6[3],
+           sum_l2_ab_3[4],L2_1[4],L2_2[4],L2_3[4],L2_4[4],L2_5[4],L2_6[4],L2_7[4],L2_8[4],sum_l2_ab_6[4],
+           sum_l2_ab_3[5],L2_1[5],L2_2[5],L2_3[5],L2_4[5],L2_5[5],L2_6[5],L2_7[5],L2_8[5],sum_l2_ab_6[5],
+           sum_l2_ab_3[6],L2_1[6],L2_2[6],L2_3[6],L2_4[6],L2_5[6],L2_6[6],L2_7[6],L2_8[6],sum_l2_ab_6[6],
+           sum_l2_ab_3[7],L2_1[7],L2_2[7],L2_3[7],L2_4[7],L2_5[7],L2_6[7],L2_7[7],L2_8[7],sum_l2_ab_6[7])
> m_sum_l2<-matrix(sum_l2,ncol = 10,byrow = TRUE)
> m_sum_l2
     [,1] [,2] [,3] [,4] [,5] [,6] [,7] [,8] [,9] [,10]
[1,]    6    7    3    6   10    2    2   10    5    10
[2,]   17   12   11   17   14    7   15   18   12    11
[3,]   18   20   18   18   20   18   16   21   14    14
[4,]   21   22   24   21   21   22   25   24   25    24
[5,]   32   29   29   32   27   30   35   31   29    35
[6,]    3    3    7    3    5    3    4    4    2     5
[7,]    6   11    8    6    9    6   10   12    9    13
> 
