a1
2 4 5 9 7 
1 1 1 1 4 
a2
 9 11 12 14 15 17 
 1  1  1  1  2  2 
a3
20 25 17 18 23 
 1  1  2  2  2 
a4
21 25 26 27 28 29 23 
 1  1  1  1  1  1  2 
a5
24 27 31 32 34 35 30 
 1  1  1  1  1  1  2 
b1
8 4 6 7 
1 2 2 3 
b2
 7  8 10 12  9 11 
 1  1  1  1  2  2 
> 
> time_end<-Sys.time()
> 
> sum_l2_ab_3
[1]  6 17 18 23 32  5  5
> sum_l2_ab_6
[1]  8 10 19 22 33  6  7
> 
> L2_1
[1]  2 12 20 23 25  5  8
> L2_2
[1]  4 12 17 19 27  6  9
> L2_3
[1]  6 17 18 23 32  5  5
> L2_4
[1]  5 12 16 25 31  2  8
> L2_5
[1]  7 11 21 27 30  3  9
> L2_6
[1]  8 16 20 26 26  3  9
> L2_7
[1]  3 12 20 25 29  4  9
> L2_8
[1]  2 16 25 28 32  2  7
> 
> sum_L3_ab
[1]  1 14 13 29 31  4  5
> 
> time_dur<-time_end-time_start  
> time_dur
Time difference of 19.16035 hours
>  
> m_sum_l2
     [,1] [,2] [,3] [,4] [,5] [,6] [,7] [,8] [,9] [,10]
[1,]    6    2    4    6    5    7    8    3    2     8
[2,]   17   12   12   17   12   11   16   12   16    10
[3,]   18   20   17   18   16   21   20   20   25    19
[4,]   23   23   19   23   25   27   26   25   28    22
[5,]   32   25   27   32   31   30   26   29   32    33
[6,]    5    5    6    5    2    3    3    4    2     6
[7,]    5    8    9    5    8    9    9    9    7     7
> 
