a1
1 5 4 8 
1 1 2 4 
a2
 6  8 12 14  9 10 
 1  1  1  1  2  2 
a3
14 25 15 17 20 
 1  1  2  2  2 
a4
18 19 21 23 25 29 
 1  1  1  1  2  2 
a5
26 28 29 31 30 32 
 1  1  1  1  2  2 
b1
1 2 4 5 3 
1 1 1 2 3 
b2
5 6 8 7 9 
1 1 1 2 3 
> 
> time_end<-Sys.time()
> 
> sum_l2_ab_3
[1]  2  9 11 23 31  1 10
> sum_l2_ab_6
[1]  5 12 23 24 33  3  5
> 
> L2_1
[1]  4 12 20 22 29  1  7
> L2_2
[1]  5  6 16 23 27  4  8
> L2_3
[1]  2  9 11 23 31  1 10
> L2_4
[1]  2 13 15 28 31  4 10
> L2_5
[1]  6  6 15 25 29  2 11
> L2_6
[1]  9 15 16 23 31  4  9
> L2_7
[1]  2 14 19 26 32  4  9
> L2_8
[1]  8 16 16 29 31  3  9
> 
> sum_L3_ab
[1]  6 10 17 19 32  3  5
> 
> time_dur<-time_end-time_start  
> time_dur
Time difference of 18.23974 hours
>  
> m_sum_l2
     [,1] [,2] [,3] [,4] [,5] [,6] [,7] [,8] [,9] [,10]
[1,]    2    4    5    2    2    6    9    2    8     5
[2,]    9   12    6    9   13    6   15   14   16    12
[3,]   11   20   16   11   15   15   16   19   16    23
[4,]   23   22   23   23   28   25   23   26   29    24
[5,]   31   29   27   31   31   29   31   32   31    33
[6,]    1    1    4    1    4    2    4    4    3     3
[7,]   10    7    8   10   10   11    9    9    9     5

