a1
2 3 6 4 5 
1 1 1 2 3 
a2
15 11 13  6 
 1  2  2  3 
a3
14 15 21 25 17 20 
 1  1  1  1  2  2 
a4
19 20 25 26 24 28 
 1  1  1  1  2  2 
a5
23 27 29 31 25 30 
 1  1  1  1  2  2 
b1
3 4 7 5 6 
1 1 1 2 3 
b2
 7  8  9 10 
 2  2  2  2 
> 
> time_end<-Sys.time()
> 
> sum_l2_ab_3
[1]  9 12 20 23 29  7  8
> sum_l2_ab_6
[1]  7 13 15 19 23  4 10
> 
> L2_1
[1]  4  6 18 20 32  4  4
> L2_2
[1]  5 13 16 24 27  2  5
> L2_3
[1]  7  9 21 24 32  3  4
> L2_4
[1]  4  7 20 24 28  2 10
> L2_5
[1]  6 16 20 22 34  4 13
> L2_6
[1]  8 13 20 24 28  5 10
> L2_7
[1]  7  8 13 23 31  4  8
> L2_8
[1]  4  9 24 29 34  4  7
> 
> sum_L3_ab
[1]  4 10 24 32 32  4  7
> 
> time_dur<-time_end-time_start  
> time_dur
Time difference of 19.04912 hours
>  
> m_sum_l2
     [,1] [,2] [,3] [,4] [,5] [,6] [,7] [,8] [,9] [,10]
[1,]    9    4    5    7    4    6    8    7    4     7
[2,]   12    6   13    9    7   16   13    8    9    13
[3,]   20   18   16   21   20   20   20   13   24    15
[4,]   23   20   24   24   24   22   24   23   29    19
[5,]   29   32   27   32   28   34   28   31   34    23
[6,]    7    4    2    3    2    4    5    4    4     4
[7,]    8    4    5    4   10   13   10    8    7    10
> 
