a1
 0  6  8  9  5 11 
 1  1  1  1  2  2 
a2
 8  9 11 14 19 21 12 
 1  1  1  1  1  1  2 
a3
14 16 18 20 22 21 
 1  1  1  1  1  3 
a4
22 23 26 32 21 27 
 1  1  1  1  2  2 
a5
27 30 32 34 35 36 31 
 1  1  1  1  1  1  2 
b1
3 6 5 4 
1 1 2 4 
b2
 5 11  8  9 10 
 1  1  2  2  2 
> 
> time_end<-Sys.time()
> 
> sum_l2_ab_3
[1]  7 13 15 20 27  4  4
> sum_l2_ab_6
[1]  6  9 21 27 31  3  4
> 
> L2_1
[1]  4  7 17 17 26  2  3
> L2_2
[1]  5  9 15 24 25  7 10
> L2_3
[1]  7 13 15 20 27  4  4
> L2_4
[1]  8 20 22 25 30  3  9
> L2_5
[1]  5 17 20 23 29  2  7
> L2_6
[1] 11 13 17 28 31  4  8
> L2_7
[1]  6 15 21 24 32  2 10
> L2_8
[1]  4  9 24 24 35  3 10
> 
> time_dur<-time_end-time_start  
> time_dur
Time difference of 19.3306 hours
>  
> sum_l2<-c(sum_l2_ab_3[1],L2_1[1],L2_2[1],L2_3[1],L2_4[1],L2_5[1],L2_6[1],L2_7[1],L2_8[1],sum_l2_ab_6[1],
+           sum_l2_ab_3[2],L2_1[2],L2_2[2],L2_3[2],L2_4[2],L2_5[2],L2_6[2],L2_7[2],L2_8[2],sum_l2_ab_6[2],
+           sum_l2_ab_3[3],L2_1[3],L2_2[3],L2_3[3],L2_4[3],L2_5[3],L2_6[3],L2_7[3],L2_8[3],sum_l2_ab_6[3],
+           sum_l2_ab_3[4],L2_1[4],L2_2[4],L2_3[4],L2_4[4],L2_5[4],L2_6[4],L2_7[4],L2_8[4],sum_l2_ab_6[4],
+           sum_l2_ab_3[5],L2_1[5],L2_2[5],L2_3[5],L2_4[5],L2_5[5],L2_6[5],L2_7[5],L2_8[5],sum_l2_ab_6[5],
+           sum_l2_ab_3[6],L2_1[6],L2_2[6],L2_3[6],L2_4[6],L2_5[6],L2_6[6],L2_7[6],L2_8[6],sum_l2_ab_6[6],
+           sum_l2_ab_3[7],L2_1[7],L2_2[7],L2_3[7],L2_4[7],L2_5[7],L2_6[7],L2_7[7],L2_8[7],sum_l2_ab_6[7])
> m_sum_l2<-matrix(sum_l2,ncol = 10,byrow = TRUE)
> m_sum_l2
     [,1] [,2] [,3] [,4] [,5] [,6] [,7] [,8] [,9] [,10]
[1,]    7    4    5    7    8    5   11    6    4     6
[2,]   13    7    9   13   20   17   13   15    9     9
[3,]   15   17   15   15   22   20   17   21   24    21
[4,]   20   17   24   20   25   23   28   24   24    27
[5,]   27   26   25   27   30   29   31   32   35    31
[6,]    4    2    7    4    3    2    4    2    3     3
[7,]    4    3   10    4    9    7    8   10   10     4
> 
