a1
4 8 2 3 
1 1 3 3 
a2
 8 11 12  9 
 1  2  2  3 
a3
13 14 18 16 15 
 1  1  1  2  3 
a4
14 18 21 22 25 
 1  1  1  2  3 
a5
30 33 32 31 
 1  1  2  4 
b1
6 1 5 4 
1 2 2 3 
b2
 6  9 10  8 
 1  2  2  3 
> 
> time_end<-Sys.time()
> 
> sum_l2_ab_3
[1]  4  8 20 21 29  4  7
> sum_l2_ab_6
[1]  4  8 15 27 31  5 10
> 
> L2_1
[1]  8 10 11 19 29  7 10
> L2_2
[1]  7 14 21 21 32  3 10
> L2_3
[1]  4  8 20 21 29  4  7
> L2_4
[1]  3 13 14 15 31  5  9
> L2_5
[1]  2  8 16 30 32  7  9
> L2_6
[1] 13 13 15 28 35  5  6
> L2_7
[1]  8 10 19 22 30  4 13
> L2_8
[1]  4 13 24 26 33  4  6
> 
> sum_L3_ab
[1]  1  6 14 27 34  3  5
> 
> time_dur<-time_end-time_start  
> time_dur
Time difference of 19.25183 hours
>  
> m_sum_l2
     [,1] [,2] [,3] [,4] [,5] [,6] [,7] [,8] [,9] [,10]
[1,]    4    8    7    4    3    2   13    8    4     4
[2,]    8   10   14    8   13    8   13   10   13     8
[3,]   20   11   21   20   14   16   15   19   24    15
[4,]   21   19   21   21   15   30   28   22   26    27
[5,]   29   29   32   29   31   32   35   30   33    31
[6,]    4    7    3    4    5    7    5    4    4     5
[7,]    7   10   10    7    9    9    6   13    6    10
> 
