a1
 3  4  6  9 12 13  7 
 1  1  1  1  1  1  2 
a2
19 11 13 10 
 1  2  2  3 
a3
11 12 13 18 19 20 23 24 
 1  1  1  1  1  1  1  1 
a4
11 17 21 22 24 25 27 
 1  1  1  1  1  1  2 
a5
27 28 29 30 31 32 33 36 
 1  1  1  1  1  1  1  1 
b1
2 3 4 5 6 7 
1 1 1 1 2 2 
b2
 7  8 11 12  9 10 
 1  1  1  1  2  2 
> 
> time_end<-Sys.time()
> 
> sum_l2_ab_3
[1]  6 13 18 22 28  4 10
> sum_l2_ab_6
[1]  4  6 17 21 34  0 10
> 
> L2_1
[1]  8 10 11 13 18  4  4
> L2_2
[1]  6  7 16 21 29  5  8
> L2_3
[1]  5  5 10 20 26  9 11
> L2_4
[1]  3  5 20 23 31  6 12
> L2_5
[1]  4  8 12 24 31  8  8
> L2_6
[1]  5  5 18 21 33  3 10
> L2_7
[1]  7 11 15 25 33  2  5
> L2_8
[1]  3 21 21 28 32  3  8
> 
> sum_L3_ab
[1]  2 14 16 25 30  2  6
> 
> time_dur<-time_end-time_start  
> time_dur
Time difference of 18.61712 hours
>  
> m_sum_l2
     [,1] [,2] [,3] [,4] [,5] [,6] [,7] [,8] [,9] [,10]
[1,]    6    8    6    5    3    4    5    7    3     4
[2,]   13   10    7    5    5    8    5   11   21     6
[3,]   18   11   16   10   20   12   18   15   21    17
[4,]   22   13   21   20   23   24   21   25   28    21
[5,]   28   18   29   26   31   31   33   33   32    34
[6,]    4    4    5    9    6    8    3    2    3     0
[7,]   10    4    8   11   12    8   10    5    8    10
