a1
2 5 6 3 7 
1 1 1 2 3 
a2
 7  8  9 10 
 1  2  2  3 
a3
13 16 17 18 20 22 14 
 1  1  1  1  1  1  2 
a4
20 21 22 24 25 26 23 
 1  1  1  1  1  1  2 
a5
27 28 29 33 34 31 
 1  1  1  1  1  3 
b1
4 5 7 2 
1 2 2 3 
b2
 4  6  7 12  9 
 1  1  1  1  4 
> 
> time_end<-Sys.time()
> 
> sum_l2_ab_3
[1]  1  4 19 23 28  7  9
> sum_l2_ab_6
[1]  6  8 24 25 30  5  5
> 
> L2_1
[1]  3 15 18 20 34  3  8
> L2_2
[1]  5 12 16 24 30  6  7
> L2_3
[1]  1  4 19 23 28  7  9
> L2_4
[1]  8  9 14 24 29  2  6
> L2_5
[1]  4  9 14 21 30  4 10
> L2_6
[1]  5 10 25 28 30  1  5
> L2_7
[1]  4  5 18 22 23  3 12
> L2_8
[1]  6 16 19 27 32  2  9
> 
> sum_L3_ab
[1]  7  6 18 17 27  1  7
> 
> time_dur<-time_end-time_start  
> time_dur
Time difference of 17.84176 hours
>  
> m_sum_l2
     [,1] [,2] [,3] [,4] [,5] [,6] [,7] [,8] [,9] [,10]
[1,]    1    3    5    1    8    4    5    4    6     6
[2,]    4   15   12    4    9    9   10    5   16     8
[3,]   19   18   16   19   14   14   25   18   19    24
[4,]   23   20   24   23   24   21   28   22   27    25
[5,]   28   34   30   28   29   30   30   23   32    30
[6,]    7    3    6    7    2    4    1    3    2     5
[7,]    9    8    7    9    6   10    5   12    9     5
> 
