a1
0 1 2 5 3 7 
1 1 1 1 2 2 
a2
 8  9 12 13 16 19 10 
 1  1  1  1  1  1  2 
a3
15 17 18 23 19 22 
 1  1  1  1  2  2 
a4
19 20 24 30 22 26 
 1  1  1  1  2  2 
a5
25 29 30 32 34 35 33 
 1  1  1  1  1  1  2 
b1
3 5 6 4 
1 1 1 5 
b2
 8 11  9 10 
 1  1  3  3 
> 
> time_end<-Sys.time()
> 
> sum_l2_ab_3
[1]  5  8 14 22 30  6 12
> sum_l2_ab_6
[1]  1 11 19 21 32  4  8
> 
> L2_1
[1]  4 15 16 19 20  3  5
> L2_2
[1]  7 11 15 19 24  5  7
> L2_3
[1]  5  8 14 22 30  6 12
> L2_4
[1]  5 13 20 23 34  3  9
> L2_5
[1]  7 12 18 27 28  2  7
> L2_6
[1]  8 10 25 29 32  2 10
> L2_7
[1]  6 18 19 25 32  4 11
> L2_8
[1] 11 18 22 29 32  6 11
> 
> time_dur<-time_end-time_start  
> time_dur
Time difference of 18.11837 hours
>  
> sum_l2<-c(sum_l2_ab_3[1],L2_1[1],L2_2[1],L2_3[1],L2_4[1],L2_5[1],L2_6[1],L2_7[1],L2_8[1],sum_l2_ab_6[1],
+           sum_l2_ab_3[2],L2_1[2],L2_2[2],L2_3[2],L2_4[2],L2_5[2],L2_6[2],L2_7[2],L2_8[2],sum_l2_ab_6[2],
+           sum_l2_ab_3[3],L2_1[3],L2_2[3],L2_3[3],L2_4[3],L2_5[3],L2_6[3],L2_7[3],L2_8[3],sum_l2_ab_6[3],
+           sum_l2_ab_3[4],L2_1[4],L2_2[4],L2_3[4],L2_4[4],L2_5[4],L2_6[4],L2_7[4],L2_8[4],sum_l2_ab_6[4],
+           sum_l2_ab_3[5],L2_1[5],L2_2[5],L2_3[5],L2_4[5],L2_5[5],L2_6[5],L2_7[5],L2_8[5],sum_l2_ab_6[5],
+           sum_l2_ab_3[6],L2_1[6],L2_2[6],L2_3[6],L2_4[6],L2_5[6],L2_6[6],L2_7[6],L2_8[6],sum_l2_ab_6[6],
+           sum_l2_ab_3[7],L2_1[7],L2_2[7],L2_3[7],L2_4[7],L2_5[7],L2_6[7],L2_7[7],L2_8[7],sum_l2_ab_6[7])
> m_sum_l2<-matrix(sum_l2,ncol = 10,byrow = TRUE)
> m_sum_l2
     [,1] [,2] [,3] [,4] [,5] [,6] [,7] [,8] [,9] [,10]
[1,]    5    4    7    5    5    7    8    6   11     1
[2,]    8   15   11    8   13   12   10   18   18    11
[3,]   14   16   15   14   20   18   25   19   22    19
[4,]   22   19   19   22   23   27   29   25   29    21
[5,]   30   20   24   30   34   28   32   32   32    32
[6,]    6    3    5    6    3    2    2    4    6     4
[7,]   12    5    7   12    9    7   10   11   11     8
