a1
2 5 7 8 4 6 
1 1 1 1 2 2 
a2
 6  9 11 13 15 16 12 
 1  1  1  1  1  1  2 
a3
16 18 22 23 25 19 
 1  1  1  1  1  3 
a4
16 25 27 28 30 32 26 
 1  1  1  1  1  1  2 
a5
31 32 30 29 
 1  1  2  4 
b1
1 3 6 4 5 
1 1 1 2 3 
b2
 8 11  9 
 1  1  6 
> 
> time_end<-Sys.time()
> 
> sum_l2_ab_3
[1]  3 11 21 22 30  6 11
> sum_l2_ab_6
[1]  3 14 18 23 34  4  4
> 
> L2_1
[1]  4 11 11 26 32  4  8
> L2_2
[1]  8 13 20 21 26  4  9
> L2_3
[1]  6  6 19 24 31  5  7
> L2_4
[1]  7 11 27 28 32  7  9
> L2_5
[1]  4 13 19 20 30  3  9
> L2_6
[1]  4 12 13 28 30  4  6
> L2_7
[1]  9 11 20 26 33  3  7
> L2_8
[1]  9 11 16 23 31  3  7
> 
> time_dur<-time_end-time_start  
> time_dur
Time difference of 1.090637 days
>  
> sum_l2<-c(sum_l2_ab_3[1],L2_1[1],L2_2[1],L2_3[1],L2_4[1],L2_5[1],L2_6[1],L2_7[1],L2_8[1],sum_l2_ab_6[1],
+           sum_l2_ab_3[2],L2_1[2],L2_2[2],L2_3[2],L2_4[2],L2_5[2],L2_6[2],L2_7[2],L2_8[2],sum_l2_ab_6[2],
+           sum_l2_ab_3[3],L2_1[3],L2_2[3],L2_3[3],L2_4[3],L2_5[3],L2_6[3],L2_7[3],L2_8[3],sum_l2_ab_6[3],
+           sum_l2_ab_3[4],L2_1[4],L2_2[4],L2_3[4],L2_4[4],L2_5[4],L2_6[4],L2_7[4],L2_8[4],sum_l2_ab_6[4],
+           sum_l2_ab_3[5],L2_1[5],L2_2[5],L2_3[5],L2_4[5],L2_5[5],L2_6[5],L2_7[5],L2_8[5],sum_l2_ab_6[5],
+           sum_l2_ab_3[6],L2_1[6],L2_2[6],L2_3[6],L2_4[6],L2_5[6],L2_6[6],L2_7[6],L2_8[6],sum_l2_ab_6[6],
+           sum_l2_ab_3[7],L2_1[7],L2_2[7],L2_3[7],L2_4[7],L2_5[7],L2_6[7],L2_7[7],L2_8[7],sum_l2_ab_6[7])
> m_sum_l2<-matrix(sum_l2,ncol = 10,byrow = TRUE)
> m_sum_l2
     [,1] [,2] [,3] [,4] [,5] [,6] [,7] [,8] [,9] [,10]
[1,]    3    4    8    6    7    4    4    9    9     3
[2,]   11   11   13    6   11   13   12   11   11    14
[3,]   21   11   20   19   27   19   13   20   16    18
[4,]   22   26   21   24   28   20   28   26   23    23
[5,]   30   32   26   31   32   30   30   33   31    34
[6,]    6    4    4    5    7    3    4    3    3     4
[7,]   11    8    9    7    9    9    6    7    7     4
