a1
1 6 3 4 9 
1 1 2 2 2 
a2
 8 12 13 10 
 1  1  2  4 
a3
14 15 16 19 20 21 24 28 
 1  1  1  1  1  1  1  1 
a4
21 22 26 28 23 24 
 1  1  1  1  2  2 
a5
30 31 32 34 26 29 
 1  1  1  1  2  2 
b1
10  4  6  5 
 1  2  2  3 
b2
 5  6  8 11 12  9 
 1  1  1  1  1  3 
> 
> time_end<-Sys.time()
> 
> sum_l2_ab_3
[1] 10 11 19 30 33  2  5
> sum_l2_ab_6
[1]  4 16 20 24 29  5  8
> 
> L2_1
[1]  5  9 18 28 33  5  6
> L2_2
[1]  3  4 17 26 32  4  7
> L2_3
[1]  3  6 14 24 33  3  5
> L2_4
[1]  6 10 14 24 32  0  7
> L2_5
[1]  5 13 18 22 28  5  8
> L2_6
[1]  7  9 15 25 31  4  6
> L2_7
[1] 12 14 16 27 32  4  8
> L2_8
[1]  8 10 18 24 30  3 11
> 
> time_dur<-time_end-time_start  
> time_dur
Time difference of 21.82075 hours
>  
> sum_l2<-c(sum_l2_ab_3[1],L2_1[1],L2_2[1],L2_3[1],L2_4[1],L2_5[1],L2_6[1],L2_7[1],L2_8[1],sum_l2_ab_6[1],
+           sum_l2_ab_3[2],L2_1[2],L2_2[2],L2_3[2],L2_4[2],L2_5[2],L2_6[2],L2_7[2],L2_8[2],sum_l2_ab_6[2],
+           sum_l2_ab_3[3],L2_1[3],L2_2[3],L2_3[3],L2_4[3],L2_5[3],L2_6[3],L2_7[3],L2_8[3],sum_l2_ab_6[3],
+           sum_l2_ab_3[4],L2_1[4],L2_2[4],L2_3[4],L2_4[4],L2_5[4],L2_6[4],L2_7[4],L2_8[4],sum_l2_ab_6[4],
+           sum_l2_ab_3[5],L2_1[5],L2_2[5],L2_3[5],L2_4[5],L2_5[5],L2_6[5],L2_7[5],L2_8[5],sum_l2_ab_6[5],
+           sum_l2_ab_3[6],L2_1[6],L2_2[6],L2_3[6],L2_4[6],L2_5[6],L2_6[6],L2_7[6],L2_8[6],sum_l2_ab_6[6],
+           sum_l2_ab_3[7],L2_1[7],L2_2[7],L2_3[7],L2_4[7],L2_5[7],L2_6[7],L2_7[7],L2_8[7],sum_l2_ab_6[7])
> m_sum_l2<-matrix(sum_l2,ncol = 10,byrow = TRUE)
> m_sum_l2
     [,1] [,2] [,3] [,4] [,5] [,6] [,7] [,8] [,9] [,10]
[1,]   10    5    3    3    6    5    7   12    8     4
[2,]   11    9    4    6   10   13    9   14   10    16
[3,]   19   18   17   14   14   18   15   16   18    20
[4,]   30   28   26   24   24   22   25   27   24    24
[5,]   33   33   32   33   32   28   31   32   30    29
[6,]    2    5    4    3    0    5    4    4    3     5
[7,]    5    6    7    5    7    8    6    8   11     8
