a1
 3  6  7  8  9 11  4 
 1  1  1  1  1  1  2 
a2
 9 11 13 14  7 16 
 1  1  1  1  2  2 
a3
17 21 22 23 24 25 20 
 1  1  1  1  1  1  2 
a4
26 27 30 29 25 
 1  1  1  2  3 
a5
29 31 33 32 34 
 1  1  1  2  3 
b1
2 6 7 3 5 
1 1 1 2 3 
b2
 8  9 10 11 
 2  2  2  2 
> 
> time_end<-Sys.time()
> 
> sum_l2_ab_3
[1]  3 15 17 30 33  2 10
> sum_l2_ab_6
[1]  4  9 14 22 32  5 11
> 
> L2_1
[1]  3 10 10 16 27  7  8
> L2_2
[1]  5 11 15 20 34  5 10
> L2_3
[1]  2  9 14 19 33  2 10
> L2_4
[1]  4 17 20 21 31  4  9
> L2_5
[1]  5 12 15 24 28  5  6
> L2_6
[1]  2 12 18 28 33  4  8
> L2_7
[1]  1  9 16 23 29  2  8
> L2_8
[1]  7  7 22 24 32  4  7
> 
> sum_L3_ab
[1]  6  7 12 24 34  3  8
> 
> time_dur<-time_end-time_start  
> time_dur
Time difference of 18.23344 hours
>  
> m_sum_l2
     [,1] [,2] [,3] [,4] [,5] [,6] [,7] [,8] [,9] [,10]
[1,]    3    3    5    2    4    5    2    1    7     4
[2,]   15   10   11    9   17   12   12    9    7     9
[3,]   17   10   15   14   20   15   18   16   22    14
[4,]   30   16   20   19   21   24   28   23   24    22
[5,]   33   27   34   33   31   28   33   29   32    32
[6,]    2    7    5    2    4    5    4    2    4     5
[7,]   10    8   10   10    9    6    8    8    7    11
