a1
2 4 7 5 9 
1 1 1 2 3 
a2
 9 13 14 15 17 20 11 
 1  1  1  1  1  1  2 
a3
16 17 18 19 21 22 
 1  1  1  1  2  2 
a4
18 20 22 25 27 24 
 1  1  1  1  1  3 
a5
26 32 33 29 30 
 1  1  1  2  3 
b1
3 5 7 8 4 
1 1 1 1 4 
b2
 8  9 10 
 2  3  3 
> 
> time_end<-Sys.time()
> 
> sum_l2_ab_3
[1]  3 10 12 24 31  6  7
> sum_l2_ab_6
[1]  6 12 17 24 33  6 10
> 
> L2_1
[1]  7 13 21 22 32  2  4
> L2_2
[1]  6 11 21 26 28  3 10
> L2_3
[1]  4  5 17 25 31  0  8
> L2_4
[1]  7 10 19 22 32  3 10
> L2_5
[1]  3  8 18 25 26  7  9
> L2_6
[1]  6 12 17 24 28  6  6
> L2_7
[1] 10 12 20 21 29  3  6
> L2_8
[1]  9 10 18 23 26  6  6
> 
> sum_L3_ab
[1]  8 11 15 30 28  2  7
> 
> time_dur<-time_end-time_start  
> time_dur
Time difference of 19.64425 hours
>  
> m_sum_l2
     [,1] [,2] [,3] [,4] [,5] [,6] [,7] [,8] [,9] [,10]
[1,]    3    7    6    4    7    3    6   10    9     6
[2,]   10   13   11    5   10    8   12   12   10    12
[3,]   12   21   21   17   19   18   17   20   18    17
[4,]   24   22   26   25   22   25   24   21   23    24
[5,]   31   32   28   31   32   26   28   29   26    33
[6,]    6    2    3    0    3    7    6    3    6     6
[7,]    7    4   10    8   10    9    6    6    6    10
> 
