a1
 7  8 12  6  5 
 1  1  1  2  3 
a2
 5  8 10 12  9 11 
 1  1  1  1  2  2 
a3
14 19 15 17 
 1  1  3  3 
a4
19 20 21 25 22 24 
 1  1  1  1  2  2 
a5
26 27 33 34 30 
 1  1  1  1  4 
b1
3 7 4 5 
1 1 3 3 
b2
 8 12 10  9 
 1  1  2  4 
> 
> time_end<-Sys.time()
> 
> sum_l2_ab_3
[1]  5 14 21 29 31  6  7
> sum_l2_ab_6
[1]  5 11 21 24 28  7  8
> 
> L2_1
[1]  8 13 16 28 31  4  8
> L2_2
[1]  2 12 19 21 32  6  9
> L2_3
[1]  1 12 23 27 31  4  7
> L2_4
[1]  3 16 17 21 30  4  6
> L2_5
[1]  4 11 21 23 32  4  7
> L2_6
[1]  2 11 21 24 29  1  9
> L2_7
[1]  4 15 19 25 29  3 10
> L2_8
[1]  6 11 22 29 31  4 12
> 
> time_dur<-time_end-time_start  
> time_dur
Time difference of 19.33172 hours
>  
> sum_l2<-c(sum_l2_ab_3[1],L2_1[1],L2_2[1],L2_3[1],L2_4[1],L2_5[1],L2_6[1],L2_7[1],L2_8[1],sum_l2_ab_6[1],
+           sum_l2_ab_3[2],L2_1[2],L2_2[2],L2_3[2],L2_4[2],L2_5[2],L2_6[2],L2_7[2],L2_8[2],sum_l2_ab_6[2],
+           sum_l2_ab_3[3],L2_1[3],L2_2[3],L2_3[3],L2_4[3],L2_5[3],L2_6[3],L2_7[3],L2_8[3],sum_l2_ab_6[3],
+           sum_l2_ab_3[4],L2_1[4],L2_2[4],L2_3[4],L2_4[4],L2_5[4],L2_6[4],L2_7[4],L2_8[4],sum_l2_ab_6[4],
+           sum_l2_ab_3[5],L2_1[5],L2_2[5],L2_3[5],L2_4[5],L2_5[5],L2_6[5],L2_7[5],L2_8[5],sum_l2_ab_6[5],
+           sum_l2_ab_3[6],L2_1[6],L2_2[6],L2_3[6],L2_4[6],L2_5[6],L2_6[6],L2_7[6],L2_8[6],sum_l2_ab_6[6],
+           sum_l2_ab_3[7],L2_1[7],L2_2[7],L2_3[7],L2_4[7],L2_5[7],L2_6[7],L2_7[7],L2_8[7],sum_l2_ab_6[7])
> m_sum_l2<-matrix(sum_l2,ncol = 10,byrow = TRUE)
> m_sum_l2
     [,1] [,2] [,3] [,4] [,5] [,6] [,7] [,8] [,9] [,10]
[1,]    5    8    2    1    3    4    2    4    6     5
[2,]   14   13   12   12   16   11   11   15   11    11
[3,]   21   16   19   23   17   21   21   19   22    21
[4,]   29   28   21   27   21   23   24   25   29    24
[5,]   31   31   32   31   30   32   29   29   31    28
[6,]    6    4    6    4    4    4    1    3    4     7
[7,]    7    8    9    7    6    7    9   10   12     8
> 
