a1
4 7 6 5 
1 1 2 4 
a2
 8 12 10 11 13 
 1  1  2  2  2 
a3
13 15 16 17 18 20 21 22 
 1  1  1  1  1  1  1  1 
a4
19 20 21 23 24 25 22 
 1  1  1  1  1  1  2 
a5
27 28 29 30 32 35 31 
 1  1  1  1  1  1  2 
b1
5 6 1 3 4 
1 1 2 2 2 
b2
10 11 12  9 
 1  1  1  5 
> 
> time_end<-Sys.time()
> 
> sum_l2_ab_3
[1]  5 10 16 28 29  6  7
> sum_l2_ab_6
[1]  7 12 16 18 29  4 10
> 
> L2_1
[1]  4 11 13 18 28  4  5
> L2_2
[1]  4  5 16 16 28  6  9
> L2_3
[1]  6 10 12 29 31  6 11
> L2_4
[1]  7 15 16 22 26  3 10
> L2_5
[1]  1  4  5 19 28  4  9
> L2_6
[1]  6 10 14 24 26  6 11
> L2_7
[1]  4  5 15 17 26  7 10
> L2_8
[1]  6 12 20 24 26  4  9
> 
> time_dur<-time_end-time_start  
> time_dur
Time difference of 18.02837 hours
>  
> sum_l2<-c(sum_l2_ab_3[1],L2_1[1],L2_2[1],L2_3[1],L2_4[1],L2_5[1],L2_6[1],L2_7[1],L2_8[1],sum_l2_ab_6[1],
+           sum_l2_ab_3[2],L2_1[2],L2_2[2],L2_3[2],L2_4[2],L2_5[2],L2_6[2],L2_7[2],L2_8[2],sum_l2_ab_6[2],
+           sum_l2_ab_3[3],L2_1[3],L2_2[3],L2_3[3],L2_4[3],L2_5[3],L2_6[3],L2_7[3],L2_8[3],sum_l2_ab_6[3],
+           sum_l2_ab_3[4],L2_1[4],L2_2[4],L2_3[4],L2_4[4],L2_5[4],L2_6[4],L2_7[4],L2_8[4],sum_l2_ab_6[4],
+           sum_l2_ab_3[5],L2_1[5],L2_2[5],L2_3[5],L2_4[5],L2_5[5],L2_6[5],L2_7[5],L2_8[5],sum_l2_ab_6[5],
+           sum_l2_ab_3[6],L2_1[6],L2_2[6],L2_3[6],L2_4[6],L2_5[6],L2_6[6],L2_7[6],L2_8[6],sum_l2_ab_6[6],
+           sum_l2_ab_3[7],L2_1[7],L2_2[7],L2_3[7],L2_4[7],L2_5[7],L2_6[7],L2_7[7],L2_8[7],sum_l2_ab_6[7])
> m_sum_l2<-matrix(sum_l2,ncol = 10,byrow = TRUE)
> m_sum_l2
     [,1] [,2] [,3] [,4] [,5] [,6] [,7] [,8] [,9] [,10]
[1,]    5    4    4    6    7    1    6    4    6     7
[2,]   10   11    5   10   15    4   10    5   12    12
[3,]   16   13   16   12   16    5   14   15   20    16
[4,]   28   18   16   29   22   19   24   17   24    18
[5,]   29   28   28   31   26   28   26   26   26    29
[6,]    6    4    6    6    3    4    6    7    4     4
[7,]    7    5    9   11   10    9   11   10    9    10
