a1
2 3 4 8 5 
1 1 1 1 4 
a2
11 14 16  9 12 
 1  1  1  2  3 
a3
13 16 18 20 22 17 
 1  1  1  1  1  3 
a4
23 25 24 27 29 
 1  1  2  2  2 
a5
33 34 32 30 
 1  1  2  4 
b1
2 5 8 3 4 
1 1 1 2 3 
b2
 7  9 10  8 
 1  1  1  5 
> 
> time_end<-Sys.time()
> 
> sum_l2_ab
[1]  6 15 19 26 27  2  5
> 
> L2_1
[1] 12 14 22 23 28  5  8
> L2_2
[1] 14 15 16 28 32  3 11
> L2_3
[1]  7  7 17 17 33  7  7
> L2_4
[1] 14 18 19 22 32  6 11
> L2_5
[1]  5  9 17 22 30  4  7
> 
> time_dur<-time_end-time_start  
> time_dur
Time difference of 5.896832 hours